5 0.0859375 0.89453125 0.0234375 0.015625
5 0.36015625 0.96640625 0.0203125 0.0140625
1 0.57578125 0.92109375 0.021875 0.0171875
5 0.64140625 0.90703125 0.0203125 0.0140625
5 0.596875 0.83828125 0.0203125 0.0140625
5 0.78828125 0.7171875 0.021875 0.0140625
5 0.83046875 0.71640625 0.0203125 0.0140625
0 0.42421875 0.6859375 0.0171875 0.0125
3 0.1921875 0.64296875 0.021875 0.0140625
6 0.27421875 0.5828125 0.4484375 0.03125
5 0.59921875 0.56015625 0.021875 0.015625
3 0.57734375 0.46484375 0.021875 0.015625
3 0.33984375 0.3390625 0.021875 0.0140625
5 0.234375 0.03125 0.021875 0.0171875