5 0.07354898413644935 0.9177455499073328 0.016443455534962848 0.023983137023308388
5 0.01124991389551454 0.6410168696001135 0.014771828130301127 0.02080357332097762
1 0.06409220481717263 0.4269742169677082 0.01795139183263199 0.02247520072563951
5 0.0804463803150686 0.3618402902886859 0.014771828130301135 0.02080357332097771
5 0.1476413147986392 0.4087723431912435 0.014771828130301135 0.02080357332097762
5 0.27541911833416904 0.22159478012188488 0.01482639183263199 0.02236607332097771
5 0.27767358829710215 0.17943456197305033 0.014771828130301135 0.02080357332097771
0 0.2939557756910796 0.586748554168502 0.013100200725639333 0.017624009618646852
3 0.3288218158949475 0.8202803059826007 0.01482639183263199 0.02236607332097762
6 0.39184266026731746 0.7403497585223384 0.046909782568955546 0.4495287740466171
5 0.42584816035213546 0.4161409322061359 0.01638889183263199 0.022420637023308564
3 0.5203967685195036 0.44134431804831814 0.016388891832631813 0.022420637023308564
3 0.6378843357652134 0.683236696085952 0.01482639183263199 0.02236607332097762
5 0.9420137858578805 0.7994544954451306 0.01795139183263217 0.022475200725639334