5 0.9005405854013955 0.07032339895093036 0.017263909654926125 0.023710235389503388
5 0.9915908283640299 0.34328756615921474 0.015482888367602499 0.02055796185055305
1 0.9613562971893493 0.5597034987887746 0.01871714901126431 0.02217500892845372
5 0.9518827442231423 0.6255739606393277 0.015482888367602499 0.02055796185055314
5 0.8800188158787827 0.5822427463531425 0.015482888367602499 0.02055796185055314
5 0.7723094947273453 0.7757626956217939 0.015592149011264312 0.022120461850553143
5 0.7744782821062122 0.8179638323912691 0.015482888367602499 0.02055796185055314
0 0.715601764754161 0.41224566640080074 0.01370186708027905 0.017405688311602673
3 0.6564078091703933 0.1809644387219351 0.015592149011264312 0.022120461850553053
6 0.6019877429626345 0.2640457199715232 0.06260780473091784 0.4489829707790068
5 0.6020577068442754 0.589441186286303 0.01715464901126431 0.022147735389503254
3 0.5052155578330111 0.5692298721622738 0.01715464901126431 0.02214773538950343
3 0.36282668999642737 0.3339253920477762 0.015592149011264312 0.022120461850553053
5 0.047639096549260254 0.23382952922099323 0.01871714901126429 0.02217500892845372