4 0.628125 0.26484375 0.0421875 0.0671875
2 0.62578125 0.1953125 0.03671875 0.06171875
2 0.834375 0.20078125 0.040625 0.06015625
4 0.590625 0.5015625 0.0390625 0.06875
2 0.72265625 0.50234375 0.0421875 0.06875
2 0.81015625 0.57578125 0.0421875 0.0703125
2 0.55703125 0.81015625 0.04296875 0.06796875
2 0.59921875 0.81015625 0.04453125 0.0671875
2 0.51484375 0.81015625 0.04140625 0.0671875
5 0.5140625 0.878125 0.0390625 0.0671875
5 0.7640625 0.50234375 0.03828125 0.06640625
5 0.41171875 0.19140625 0.03984375 0.06484375
5 0.540625 0.1921875 0.04140625 0.06484375