4 0.61115304133444 0.2940991420565547 0.04649307063492074 0.06915241439185812
2 0.6132650562938349 0.22445873014589593 0.04150518198597286 0.06424659057054054
2 0.8215083528700621 0.23964289019452786 0.04442992288667398 0.06126713978475227
4 0.5584834145625679 0.5290713014860141 0.043468200184570094 0.0705693651776464
2 0.6904645997877432 0.536002005786459 0.0465932001845701 0.07071491439185813
2 0.7732585109542252 0.6135148837843871 0.04669332973421945 0.07227741439185813
2 0.505114078506827 0.836100397433238 0.04815570018457009 0.07078768899896418
2 0.547301578506827 0.8380653118250961 0.04805557063492074 0.06922518899896417
2 0.462926578506827 0.8341354830413799 0.044930570634920744 0.0690796397847521
5 0.4577896930970816 0.9020678457378271 0.04336807063492074 0.0690068651776464
5 0.7318708497877433 0.5379305328747643 0.04170544108527156 0.06737159057054054
5 0.39945288016795816 0.21058235897239347 0.044830441085271476 0.06751713978475227
5 0.5283090653931335 0.21736751405862664 0.044830441085271386 0.06751713978475227