4 0.7568155022779001 0.43188527896704887 0.06964464206513998 0.047671967578284936
2 0.8264832601704079 0.43990481518178565 0.06468412628012424 0.04260183030538158
2 0.8088653077372159 0.2308646550300648 0.061741136803468065 0.04547173879011233
4 0.5222808785580245 0.4500620966854168 0.07102513154179632 0.04467451333591956
2 0.5138096839467533 0.3179670738065995 0.07120714206513981 0.047799513335919565
2 0.43527588929312966 0.22447242319777633 0.07276964206513999 0.0479270590935541
2 0.21564374168396921 0.45846555955259605 0.0712981473268118 0.049362013335919566
2 0.2131865996188293 0.41627805955259606 0.06973564732681173 0.04923446757828494
2 0.21810088374910913 0.5006530595525961 0.06955363680346807 0.046109467578284935
5 0.15017763637994505 0.4958860690954937 0.06946263154179624 0.044546967578284934
5 0.5113980445124492 0.2765608238065995 0.06780912628012423 0.042856921820650484
5 0.8428572310194511 0.6542861795758721 0.06799113680346806 0.04598192182065049
5 0.8345680469315238 0.5253161566970548 0.06799113680346806 0.04598192182065049