2 0.6802355313030656 0.6100545270641813 0.04815570018457009 0.07180929802252863
2 0.725497966528241 0.6061047183979908 0.04971820018457009 0.07191855866619043
2 0.770029216528241 0.6029907900536315 0.04815570018457009 0.07180929802252863
2 0.3998797979605033 0.4844799987394923 0.04815570018457009 0.07180929802252863
2 0.7677670072443721 0.5309518990881389 0.051480959283868796 0.07515281930985207
2 0.8152916517534162 0.5990409813874411 0.04971820018457009 0.07191855866619043
2 0.5327237739018099 0.40220881209725956 0.0483559592838688 0.07493429802252863
2 0.848198579577336 0.3777944120775891 0.0465932001845701 0.07170003737886681
2 0.803667329577336 0.38090834042194854 0.04815570018457009 0.07180929802252863
2 0.7591360795773359 0.384022268766308 0.0465932001845701 0.07170003737886681
2 0.7073151588501301 0.28562832743249833 0.0465932001845701 0.07170003737886681
2 0.75262765885013 0.282459768766308 0.04825582973421945 0.07337179802252862
2 0.7971589088501301 0.27934584042194854 0.051280700184570094 0.07202781930985207
2 0.66278390885013 0.2887422557768578 0.0483559592838688 0.07493429802252863
4 0.8310158698320418 0.13415367272125084 0.047755181985972686 0.06555929802252858
2 0.8355216995662612 0.20446617272125084 0.0467934592838688 0.07482503737886681
2 0.7917716995662613 0.20752547074377942 0.0483559592838688 0.07493429802252853
2 0.8230043082964198 0.07036432433040518 0.04931768198597268 0.0656685586661903
2 0.7864846198320419 0.13726760106561028 0.04639294108527157 0.0685750373788668
2 0.7480216995662612 0.210584768766308 0.04815570018457009 0.07180929802252863
2 0.7019279495662613 0.21380795775432918 0.0483559592838688 0.07493429802252863