2 0.36171875 0.6546875 0.04453125 0.06875
2 0.31640625 0.65390625 0.0453125 0.06875
2 0.271875 0.65390625 0.04453125 0.06953125
2 0.6328125 0.51015625 0.04296875 0.06953125
2 0.26953125 0.58203125 0.046875 0.071875
2 0.2265625 0.653125 0.0453125 0.06953125
2 0.4953125 0.4375 0.04296875 0.07109375
2 0.1796875 0.43515625 0.0421875 0.06953125
2 0.22421875 0.43515625 0.04453125 0.06953125
2 0.26875 0.43515625 0.0421875 0.06953125
2 0.3140625 0.33359375 0.0421875 0.06953125
2 0.26875 0.33359375 0.04375 0.0703125
2 0.22421875 0.33359375 0.046875 0.06953125
2 0.35859375 0.33359375 0.04375 0.071875
4 0.18125 0.19140625 0.04453125 0.0625
2 0.18125 0.26171875 0.0421875 0.071875
2 0.225 0.26171875 0.04296875 0.07109375
2 0.18515625 0.12734375 0.0453125 0.06328125
2 0.22578125 0.19140625 0.0421875 0.06484375
2 0.26875 0.26171875 0.04375 0.06875
2 0.31484375 0.26171875 0.04375 0.07109375