2 0.6420560029104069 0.36552761045435983 0.07027778366526398 0.044149975799503235
2 0.6428571002780017 0.32021056527482 0.07033234736759475 0.04571247579950324
2 0.6444121657944311 0.27567931527482 0.07027778366526398 0.044149975799503235
2 0.4880579505560034 0.6357805022394952 0.07027778366526398 0.044149975799503235
2 0.5726190113479274 0.27291740875715764 0.07351191106992569 0.04729315651766246
2 0.6452132631620259 0.23036227009528024 0.07033234736759475 0.04571247579950324
2 0.4202033063611187 0.497857800542293 0.07340278366526398 0.04416815651766228
2 0.4288814242319516 0.18221916500367355 0.07022321996293304 0.04258747579950319
2 0.42732635871552216 0.22675041500367357 0.07027778366526398 0.044149975799503235
2 0.42577129319909285 0.27128166500367357 0.07022321996293321 0.04258747579950324
2 0.32262644583149797 0.3160032916634984 0.07022321996293313 0.04258747579950324
2 0.3242087931990928 0.2706907916634984 0.07184028366526399 0.04415906615858276
2 0.32576385871552216 0.22615954166349841 0.0703869110699257 0.04727497579950324
2 0.32107138031506854 0.3605345416634984 0.07340278366526398 0.04416815651766246
4 0.18507686052962075 0.1823635689872532 0.06402778366526399 0.04411361436318471
2 0.25538936052962075 0.18277263514583597 0.07334821996293313 0.04260565651766242
2 0.25386157686435673 0.22652263514583595 0.07340278366526398 0.04416815651766246
2 0.1208779512737936 0.18589711426498884 0.06408234736759484 0.04567611436318471
2 0.18352179501319132 0.2268948189872532 0.06709821996293312 0.042569295081344015
2 0.25233379319909277 0.27027263514583594 0.07027778366526398 0.044149975799503235
2 0.25072416398033254 0.3163663851458359 0.07340278366526398 0.04416815651766246