2 0.19342094318286668 0.153125 0.04355117694751702 0.078125
5 0.1528368534912922 0.15078125 0.04204322402541769 0.08125
2 0.07393060349129219 0.15078125 0.041988676947517 0.078125
2 0.3128703725660157 0.1578125 0.03886367694751698 0.078125
5 0.46746241517968945 0.16328125 0.042043224025417734 0.08125
5 0.428440825488115 0.1609375 0.03886367694751698 0.078125
5 0.5445980649381035 0.44375 0.03886367694751698 0.078125
5 0.2260117061718055 0.434375 0.04037162986961631 0.075
5 0.18774409294128067 0.43359375 0.03886367694751698 0.078125
2 0.8732280308491415 0.728125 0.04349662986961604 0.075
3 0.3774479265470705 0.71015625 0.038672762174864594 0.0671875
2 0.3383854265470705 0.71015625 0.040235262174864596 0.0671875
5 0.6538467853133685 0.71953125 0.04031708279171564 0.071875
5 0.6171280353133685 0.71953125 0.04187958279171564 0.071875
5 0.1424689545502477 0.7 0.032477309252765305 0.0703125
5 0.10496895455024768 0.7 0.03560230925276531 0.0703125
5 0.06358997808919803 0.6984375 0.041852309252765306 0.0703125