2 0.8457341599355079 0.23060126193736022 0.07837043969514994 0.045370849809719616
5 0.848314259271578 0.19007176243165178 0.08148634933607006 0.04393568380210837
2 0.8487733224050988 0.11116551243165178 0.07836134933607006 0.04380834980971957
2 0.8403512474659174 0.349941510948777 0.07834316861791066 0.04068334980971962
5 0.8339825519170351 0.5044061764620966 0.08148634933607006 0.04393568380210837
5 0.8365535608940255 0.46543917695638826 0.07834316861791066 0.04068334980971962
5 0.5530365580653551 0.5750092006452034 0.07834316861791084 0.04068334980971962
5 0.5642659913175972 0.2566412026223697 0.07522725897699054 0.04211851581733077
5 0.5652699551150479 0.21839178612046695 0.07834316861791066 0.04068334980971962
2 0.26672076640185677 0.8970155573378241 0.07524543969514967 0.04524351581733086
3 0.2875757054096354 0.40165397779405965 0.06740566861791084 0.04023768083635879
2 0.28780296438662584 0.36259147779405965 0.06741475897699045 0.041800180836358794
5 0.27659171185254305 0.6778344758168933 0.07210225897699045 0.0419911818249421
5 0.27680533529091406 0.6411157258168932 0.07211134933607007 0.043553681824942105
5 0.2991000544511178 0.16691156326932316 0.0704943071815924 0.03411501482874764
5 0.29931822306902867 0.12941156326932318 0.07051248789975162 0.037240014828747635
5 0.30112161758463857 0.08806898026551756 0.07054884933607006 0.04349001482874761