2 0.80390625 0.153125 0.0421875 0.078125
5 0.84453125 0.15078125 0.03984375 0.08046875
2 0.9234375 0.15078125 0.03984375 0.07890625
2 0.684375 0.1578125 0.0375 0.078125
5 0.5296875 0.16328125 0.040625 0.08203125
5 0.56875 0.1609375 0.03671875 0.07734375
5 0.44765625 0.44375 0.03671875 0.07734375
5 0.76640625 0.434375 0.0390625 0.07578125
5 0.8046875 0.43359375 0.03828125 0.07734375
2 0.1140625 0.728125 0.0421875 0.075
3 0.61015625 0.71015625 0.0375 0.0671875
2 0.64921875 0.71015625 0.0390625 0.0671875
5 0.33359375 0.71953125 0.0390625 0.071875
5 0.3703125 0.71953125 0.040625 0.071875
5 0.8453125 0.7 0.03125 0.0703125
5 0.8828125 0.7 0.03515625 0.0703125
5 0.92421875 0.6984375 0.040625 0.0703125