1 0.91875 0.36484375 0.121875 0.1125
1 0.78671875 0.47109375 0.121875 0.0890625
1 0.78359375 0.67578125 0.1140625 0.09375
1 0.7859375 0.5765625 0.1203125 0.103125
1 0.9140625 0.56953125 0.121875 0.096875
1 0.91484375 0.4734375 0.125 0.1046875
1 0.9109375 0.675 0.1265625 0.103125
1 0.5140625 0.3578125 0.1296875 0.090625
1 0.7890625 0.36796875 0.128125 0.1109375
1 0.6578125 0.57578125 0.13125 0.1046875
1 0.65234375 0.4671875 0.13125 0.1046875
1 0.38984375 0.5765625 0.128125 0.090625
1 0.51796875 0.46640625 0.1296875 0.1
1 0.52265625 0.5796875 0.1296875 0.096875
1 0.3984375 0.675 0.1203125 0.0953125
1 0.25234375 0.47734375 0.125 0.0890625
1 0.38671875 0.47265625 0.1265625 0.0984375