1 0.2952250379441419 0.9251183713449045 0.12173513527271584 0.12383869480442442
1 0.41147976782291745 0.7949417219935275 0.09829763527271584 0.12342959172016936
1 0.6164040661632434 0.795389555596022 0.10239313942190087 0.11569891233702041
1 0.517007717407999 0.7960014358726755 0.11224173610255281 0.12211255357072233
1 0.500267735454631 0.924003704947399 0.10611013527271584 0.12356595941492117
1 0.40411478586954946 0.9231076323019529 0.1141594336130419 0.12682732710967243
1 0.6059732837949571 0.9227196688265469 0.11271533278320493 0.12836255357072232
1 0.3188591730163651 0.5203081404196279 0.10045213112353099 0.13126936525911964
1 0.3081771690676729 0.7954854184228051 0.12064623195336796 0.13006142126547432
1 0.5259351993613669 0.6678627991032002 0.11463303029369402 0.1330773271096728
1 0.41775584645693753 0.6604985381461517 0.11463303029369402 0.1330773271096728
1 0.5470219070443255 0.39990768587267544 0.10033373195336796 0.12970686525911973
1 0.42715692509095754 0.5261099013766766 0.109827131123531 0.13143300649282175
1 0.5400829775804684 0.5327747329505762 0.10670213112353082 0.13137845941492116
1 0.6448082116084288 0.41021966882654687 0.10442923610255299 0.1219761858759707
1 0.45822228401867166 0.2606758161493289 0.0985344336130419 0.12655459172016936
1 0.44335245538465157 0.3949689955324779 0.10802783278320494 0.12828073295387146