1 0.8868303079167138 0.3381108553058635 0.13171747464666622 0.11604620031656906
1 0.7455033874170842 0.44820257231548 0.12966695909527742 0.09260870031656906
1 0.7244705516016217 0.6529810005287254 0.12226456220555537 0.09706887978345584
1 0.7354948174358344 0.5536940543687914 0.12933476842611089 0.10662573620994635
1 0.8642349721012511 0.5429347476257316 0.13035046427907382 0.10042120031656906
1 0.8734233358619454 0.44681826557242016 0.1341589694628702 0.1083246285298145
1 0.8518826521200011 0.6484944258389769 0.13558476842611072 0.10680759263643722
1 0.48275796258213033 0.3428548089211379 0.13761616013203692 0.09439852084968248
1 0.7568694058431952 0.34500937615554605 0.1378307736099071 0.11466555674305993
1 0.607438167954214 0.5566408611118512 0.1404089694628702 0.10850648495630519
1 0.6114701400089824 0.44820623548503064 0.1404089694628702 0.10850648495630519
1 0.3394010674358344 0.565219205397641 0.13605366013203685 0.09435305674305994
1 0.477163490527362 0.45133489865458126 0.13843636635259243 0.10377352084968265
1 0.47194016536231587 0.5644797563347131 0.13816296427907382 0.10064852084968265
1 0.3393826521200013 0.6634066528112162 0.12865126324231468 0.09881323620994635
1 0.2105815832700472 0.470001296780437 0.1327919590952776 0.0926996285298145
1 0.34536668638032497 0.46140388361088647 0.13517466531583314 0.10212009263643722