5 0.5412686566906617 0.3335636042229688 0.04138406847545255 0.11218100666795969
5 0.9735781138150621 0.4129336581463752 0.03765829117755644 0.1025509151526908
2 0.6995596229143608 0.4384429386112362 0.040983550276855144 0.1059310066679597
2 0.6643032433647115 0.4397502181580132 0.041183809376153846 0.1090560066679597
2 0.6252407433647115 0.44293886209887656 0.03785855027685514 0.10567591515269079
2 0.5886221229143608 0.44749868740328813 0.040783291177556434 0.10280600666795969
2 0.5476967342654129 0.4461273771017861 0.041183809376153846 0.1090560066679597
2 0.5101967342654128 0.44918847528501493 0.04430880937615385 0.10931109818322896
2 0.9134938240217816 0.8356374476950919 0.04254605027685514 0.10605855242559414
2 0.8737502035714309 0.8404523645147725 0.04410855027685514 0.10618609818322895
2 0.29898074104835964 0.8787316804454643 0.042345791177556616 0.10293355242559414