5 0.5003147930089586 0.3898296589464084 0.03946922249741007 0.11037521034569897
5 0.0806273393276863 0.4915259219450392 0.035907574854774874 0.10090928213245362
2 0.35499163854189797 0.5026298726573197 0.03917812406898662 0.10412521034569906
2 0.3900751139347921 0.5020903150563301 0.03932367328319834 0.10725021034569907
2 0.4291376139347921 0.5032269177218971 0.03605312406898662 0.10403428213245362
2 0.465929138541898 0.5058578242275301 0.03903257485477489 0.10100021034569906
2 0.5063358147205804 0.5023523909997198 0.03932367328319834 0.10725021034569907
2 0.5438358147205804 0.5034435295586641 0.042448673283198346 0.10734113855894431
2 0.18670413481784437 0.9096741798625981 0.040740624068986576 0.10417067445232178
2 0.22662065942495024 0.9123960145814763 0.04230312406898662 0.10421613855894449
2 0.800439149085868 0.9205103237653116 0.04059507485477489 0.10104567445232178