2 0.4629245191923103 0.7901502257425312 0.03965330517696728 0.09202567391627667
4 0.7893960139306385 0.7784063235379033 0.042414284130279964 0.08590300790866542
2 0.5057938296309494 0.6964347178338658 0.04286931043863902 0.09371550790866542
4 0.4300125796309494 0.6995225671492937 0.04296031570031093 0.09527800790866543
4 0.5112086427004244 0.6034659678338657 0.03983531570031094 0.09515067391627667
2 0.5004245191923103 0.7886222178338658 0.04277830517696728 0.09215300790866543
4 0.5170252741716335 0.49021655133196296 0.04350634727034208 0.10465300790866543
4 0.5243049660814817 0.2849388023205462 0.0435063472703419 0.10465300790866543
2 0.5283847923051364 0.18812746931674054 0.041033794653623445 0.088964340912471
2 0.5682740449359722 0.18572271091378356 0.04572129465362344 0.08915534190105419
5 0.5634129687123176 0.2825658774156864 0.04975634727034208 0.10490767589344294
2 0.5326844264071813 0.07416046981103214 0.04377936305535766 0.10934050790866541