5 0.0909445758911463 0.5544199803552928 0.06475348423243059 0.03267125889134022
5 0.36065570421590315 0.4741140119917121 0.07252961664124999 0.03147263192686935
5 0.3073021533978132 0.8641717777074778 0.06933188145888894 0.028202082712657627
5 0.5093166354460423 0.7588615012383452 0.06944098423243066 0.03288958271265763
5 0.5075891748649658 0.6846427512383452 0.07096711664125 0.03139985731976367
5 0.5763209910693755 0.6870635839510028 0.06631598423243049 0.0327440334984459
5 0.588280702884723 0.9326671823794263 0.06468074905006951 0.029546258891340216
5 0.586063586243473 0.9044694077723203 0.06471711664125017 0.031108758891340217
5 0.5896263037584035 0.987462651466878 0.06471711664124999 0.025074697066244055
5 0.31231892134958417 0.9791246896181367 0.06468074905006951 0.029546258891340216
5 0.7103842537028129 0.5458114993763182 0.06468074905006951 0.029546258891340216
5 0.7767898504924309 0.5153470574818702 0.06308188145888885 0.027910984284234174
5 0.7761716014423615 0.48878455748187016 0.06627961664125 0.0311815334984459
5 0.9223959040634032 0.6688445467285031 0.06627961664124982 0.0311815334984459
5 0.9217412874221533 0.6407195467285032 0.06315461664124981 0.031035984284234173
5 0.937246186167223 0.9955406328556282 0.06620688145888884 0.00891873428874348
5 0.9350472533215634 0.9776930078533737 0.06944098423243047 0.03288958271265763
5 0.7988740171892716 0.9896223687947469 0.06315461664125 0.020755262410506247
5 0.7958574667524314 0.9657473178209524 0.06631598423243049 0.0327440334984459
5 0.9834749551658337 0.9226823302269491 0.03305008966833256 0.032161836641598995
5 0.9839107130496185 0.8922499675305021 0.03217857390076304 0.03052656203449331