4 0.7172120853245209 0.8497770466675683 0.04372785668871888 0.08971706493480838
4 0.67887620500269 0.8483275949632849 0.04529035668871906 0.08974433847375848
4 0.6421028246808591 0.846905416797952 0.043618596045057245 0.08815456493480803
4 0.6342578376703093 0.7570343932590017 0.04372785668871888 0.08971706493480802
4 0.7923213459681826 0.8526486765371846 0.043727856688719056 0.08971706493480802
4 0.7547667156463517 0.8512128616023766 0.043837117332380514 0.09127956493480838
4 0.7484842286358019 0.7613691116023764 0.04674359604505725 0.08820911201270895
4 0.6718124679921402 0.75847020819381 0.04049359604505724 0.08810001785690744
4 0.7257251637654253 0.4582168380634261 0.04874313861970414 0.09448638555165925
4 0.6498892834435945 0.4561128214243347 0.04707137797604233 0.09289661201270896
2 0.6100455334435945 0.45541734618110097 0.04696211733238069 0.09133411201270895
4 0.6190377572125925 0.5616946197200513 0.04060285668871906 0.08966251785690744
4 0.7117944316985542 0.2589980880634261 0.04561813861970414 0.0944318384737585
4 0.6719506816985541 0.25830261282019246 0.04718063861970414 0.09445911201270887
4 0.6335055407330615 0.25529066111590915 0.044274159907027585 0.0975295649348082
2 0.5952789210548924 0.2554037094116258 0.04583665990702759 0.09755683847375848
2 0.7053480537225119 0.16681058806342614 0.04830609604505724 0.08823638555165916