5 0.55859375 0.0953125 0.0265625 0.06875
5 0.5859375 0.0953125 0.0265625 0.06875
5 0.821875 0.2296875 0.0265625 0.0703125
5 0.90703125 0.3 0.0265625 0.0640625
5 0.8546875 0.440625 0.0265625 0.0640625
5 0.8828125 0.440625 0.0265625 0.06640625
5 0.85390625 0.509375 0.0265625 0.06640625
5 0.6203125 0.5125 0.0265625 0.0640625
5 0.88125 0.50859375 0.0265625 0.06875
5 0.76484375 0.71875 0.0265625 0.06640625
5 0.85234375 0.7125 0.0265625 0.0640625
5 0.88125 0.71171875 0.028125 0.0640625
5 0.91015625 0.71171875 0.0265625 0.0640625
5 0.8265625 0.8578125 0.0265625 0.0640625
5 0.23515625 0.2375 0.0265625 0.06640625
5 0.3515625 0.09765625 0.0265625 0.06875
5 0.38046875 0.0984375 0.028125 0.06640625
5 0.821875 0.30078125 0.025 0.06875