5 0.629108778497916 0.7893388372454131 0.03143314437666671 0.07534544533736351
5 0.6309271580569439 0.7112138372454131 0.0314695119678472 0.07690794533736352
5 0.43703038127145766 0.7868876412715029 0.031324041603125075 0.07065794533736351
5 0.4058167488626382 0.7856887679424117 0.029725174011944588 0.06907726400381797
5 0.8712839735957634 0.4850400465468237 0.032886541603124896 0.07067612667090888
5 0.840070341186944 0.48384117321773257 0.029797909194305562 0.07220226400381798
5 0.35271581155166626 0.48326374928391136 0.029761541603125073 0.07063976400381797
5 0.6101510243169442 0.26157746391632203 0.029797909194305562 0.07220226400381798
5 0.5804998919081248 0.2603604092536854 0.029761541603125073 0.07063976400381797
5 0.5474860637358677 0.3365052859245944 0.031287674011944586 0.06909544533736352
5 0.5154548137358678 0.33687800326227596 0.031324041603125075 0.07065794533736351