5 0.8073354008752809 0.9253212878528693 0.03212923151356151 0.06891362646343283
5 0.7324998137753467 0.6537002970262515 0.033782736775233246 0.0704852168225127
5 0.7606248137753467 0.6538639234896847 0.03056673151356133 0.06890453610435347
5 0.8095977239739895 0.30950084513265763 0.030384720990217672 0.06577953610435347
5 0.935119181668853 0.10000364616592987 0.030293715728545577 0.06421703610435352
5 0.907775431668853 0.09984456488203655 0.03332771046687384 0.06267271682251271
5 0.7823519554875509 0.2405690379510652 0.03185621572854593 0.06422612646343318
5 0.7543179607492226 0.23884291148763212 0.03369173151356133 0.06892271682251269
5 0.7348986447665631 0.03553610430603976 0.034890210466873836 0.06268180718159236
5 0.15231438694464242 0.10873517144658121 0.030384720990217672 0.06577953610435347
5 0.2838102267459997 0.45414818627730413 0.03194722099021767 0.06578862646343317
5 0.2564209741151638 0.45477035499341073 0.03185621572854576 0.06422612646343318
5 0.09519213168297055 0.10996587334017516 0.032129231513561375 0.06891362646343309
5 0.06858412905213465 0.11059258723582163 0.0287312157285458 0.06420794574527386
5 0.07392334741151638 0.045757927594901264 0.027259720990217673 0.06576135538619426