3 0.8287606735401729 0.9361940138845053 0.06933188145888884 0.02579997867599957
5 0.6255512866660411 0.6066172439131403 0.06940461664125 0.02892497867599957
3 0.8286704077726034 0.9065156045512779 0.06624324905006951 0.027326116008908486
5 0.6269689695117009 0.5792644032463676 0.06940461664125 0.02892497867599957
5 0.14193282076663113 0.9488722099777283 0.06944098423243057 0.030487478675999567
5 0.2100516136040272 0.7067387066359105 0.06933188145888894 0.02579997867599957
5 0.2091619140408675 0.677850637969456 0.07096711664125 0.028943160009544933
5 0.21063414827329807 0.6481540473026832 0.07252961664124999 0.028961341343090297
5 0.21054388250572864 0.6184756379694559 0.06627961664125 0.028888616008908664
5 0.21090951804868013 0.5020966599697742 0.06475348423243057 0.0304329346753633
5 0.1459274829981596 0.13966993264641 0.06308188145888893 0.025727253341817757
5 0.1473087982526388 0.11387959197963729 0.06620688145888894 0.02576361600890866
5 0.4187824483288887 0.19507285860918447 0.06627961664125 0.028888616008908664