5 0.4369669989665427 0.07989825409153323 0.029764582712657806 0.06967758293962453
5 0.4096232489665427 0.0808531188823232 0.029764582712657806 0.06967758293962456
5 0.16742713275543897 0.22346723793428244 0.02983735731976358 0.07124008293962455
5 0.07899602543567538 0.29675345971131406 0.02954625889134015 0.06499008293962456
5 0.12479006079614821 0.4355505756832304 0.029546258891340126 0.06499008293962447
5 0.09666506079614821 0.43653272232518586 0.029619033498446013 0.06655258293962447
5 0.12236922808349049 0.5042732938320651 0.02961903349844599 0.06655258293962447
5 0.3558174288692788 0.49924102033360196 0.029546258891340216 0.06499008293962447
5 0.09506186538704342 0.5044469086228549 0.029764582712657715 0.06967758293962448
5 0.2016799307313056 0.7105381627992061 0.02961903349844599 0.06655258293962447
5 0.11447102915972902 0.7073437301297341 0.02954625889134017 0.06499008293962447
5 0.08560116646328195 0.707571908622855 0.031108758891340172 0.06504464664195542
5 0.05669491646328195 0.7085813371159757 0.02954625889134015 0.06499008293962447
5 0.13348424069888426 0.8517559290412751 0.029546258891340126 0.06499008293962447
5 0.7537820097199097 0.21079106770904604 0.02961903349844608 0.06655258293962456
5 0.643889087055884 0.07501231353269483 0.02976458271265763 0.06967758293962453
5 0.6149464497523309 0.07680299202581567 0.0311815334984459 0.06660714664195541
5 0.16411588813212247 0.2945609879342824 0.028202082712657717 0.0696230192372937