5 0.2018002228589876 0.3557883880218097 0.03253070018457009 0.07104582363742162
5 0.23055627853451358 0.35577254150557075 0.03253070018457009 0.0710458236374217
5 0.30846362816537337 0.48619375195685405 0.03253070018457009 0.07104582363742154
5 0.4393502876338123 0.33562018286136025 0.0327309592838688 0.07417082363742163
5 0.3952639188815046 0.5506073251352337 0.029405700184570095 0.07079073212215263
5 0.4608073781653733 0.47375804058748683 0.03253070018457009 0.0710458236374217
5 0.59889675201181 0.8899256902782261 0.035655700184570094 0.0713009151526908
5 0.6286843815614593 0.8859398208831699 0.03253070018457009 0.07104582363742154
5 0.7490469463362841 0.8753375475453107 0.030968200184570093 0.07091827787978708
5 0.7771218815614593 0.8738229739078889 0.03253070018457009 0.07104582363742154
5 0.6087397262550736 0.7484556673994088 0.035855959283868796 0.07442591515269079
5 0.6376960410298983 0.7453148208831699 0.029405700184570095 0.07079073212215263
5 0.7001960410298983 0.7402129905777886 0.029105311535622215 0.06610323212215263
5 0.7284712353543723 0.7355734169403668 0.03253070018457009 0.07104582363742154
5 0.7580085410298982 0.7354937975453106 0.035655700184570094 0.0713009151526908
5 0.7649582503137671 0.663427478908859 0.0327309592838688 0.07417082363742153
5 0.786964855804723 0.7323529510290718 0.03253070018457009 0.0710458236374217
5 0.8267141779808032 0.512279696028102 0.03233044108527139 0.06792082363742154
5 0.8555703632059786 0.5107013495118631 0.03223031153562204 0.06635832363742153
5 0.6781264836563292 0.5267402930033829 0.0327309592838688 0.07417082363742153
5 0.7085952336563293 0.5242531507295094 0.03253070018457009 0.07104582363742154
2 0.7389638541066799 0.5233285084556358 0.035655700184570094 0.0713009151526908
5 0.7687014188815046 0.5201238890605797 0.03253070018457009 0.07104582363742154
5 0.698012691242155 0.2406752472457483 0.03253070018457009 0.0710458236374217
5 0.7261877560169797 0.23759817360832663 0.03253070018457009 0.07104582363742162
5 0.9026000616925056 0.22552925299562415 0.03253070018457009 0.07104582363742162
5 0.757387691242155 0.2358285084556359 0.03233044108527139 0.06792082363742162
5 0.7855126912421551 0.2335326848182143 0.029405700184570095 0.07079073212215255