4 0.3421875 0.37832461064963285 0.0375 0.09327863855894432
4 0.37890625 0.3788187041439999 0.0375 0.09484113855894431
3 0.3046875 0.47004074920857714 0.0375 0.08859113855894449
4 0.265625 0.7563336018741442 0.0375 0.0901536385589445
4 0.30234375 0.7544839453685113 0.040625 0.09180706677218957
4 0.340625 0.7549325747562555 0.0421875 0.09185253087881229
4 0.378125 0.7522789361973111 0.0375 0.09171613855894431
4 0.26484375 0.6665125839274555 0.0359375 0.08854567445232178
4 0.30234375 0.6646401953685113 0.040625 0.09180706677218975
4 0.33984375 0.6651115568095668 0.0390625 0.09488660266556703
4 0.37890625 0.6647562041439998 0.040625 0.08868206677218957
4 0.34140625 0.5760035927029442 0.0359375 0.09167067445232177
4 0.30234375 0.5763589453685112 0.040625 0.09493206677218975
2 0.41328125 0.7489122437983008 0.03125 0.08840928213245362