5 0.5564665171589986 0.811491148654581 0.07005994292790554 0.03012542069139812
5 0.5586668719975628 0.8419371666012697 0.07176799214211708 0.033295884798020835
5 0.6234848891610705 0.7219225318032493 0.07162244292790554 0.03017088479802048
5 0.6248312193925288 0.7508287818032493 0.07176799214211727 0.03329588479802048
5 0.6156081149682494 0.5696015138565605 0.07162244292790554 0.03017088479802066
5 0.6170636071103666 0.6008515138565605 0.07176799214211708 0.03329588479802066
5 0.7538893649682494 0.5655779404204533 0.07318494292790553 0.030216348904643375
5 0.7560533325032608 0.5952427083671419 0.07162244292790536 0.03017088479802066
5 0.7596727921803892 0.6561574763138307 0.07333049214211726 0.0333413489046432
5 0.7610918970189534 0.6866262263138305 0.07176799214211708 0.03329588479802066
5 0.7625110018575176 0.7170949763138307 0.07318494292790553 0.030216348904643198
5 0.765383444785423 0.745174512207208 0.07318494292790553 0.030216348904643198
5 0.8350944772504117 0.7134183953558759 0.07176799214211727 0.03329588479802066
5 0.9718644613297582 0.791380607813146 0.05627107734048344 0.03012542069139812
5 0.9711731025622526 0.7616931078131459 0.05765379487549467 0.030125420691397942
5 0.9676981150729478 0.6139913937065232 0.06460376985410435 0.0333413489046432
5 0.9676082238404536 0.6421845898664573 0.06478355231909276 0.03017088479802066
5 0.9682813889561828 0.6726533398664574 0.06343722208763439 0.03329588479802066
5 0.9689909413754648 0.701536857813146 0.06201811724907032 0.030216348904643375
5 0.9533477477236885 0.3297755180797027 0.07005994292790554 0.030125420691397942
5 0.9554753279551468 0.3586590360263913 0.07005994292790554 0.030125420691397942