5 0.3852662333225653 0.934734675582714 0.03008747579950315 0.06978671034428637
5 0.6997565010801544 0.7378621979000506 0.02539997579950324 0.0696230192372937
5 0.9028769559006147 0.7457367292030618 0.02854315651766228 0.07285714664195542
5 0.3244115883159761 0.6497396274894797 0.02541815651766246 0.07274801923729371
5 0.2978490883159762 0.6488120445498552 0.028534066158582762 0.07129464664195524
5 0.5830422206331418 0.5181176383740709 0.028534066158582762 0.07129464664195542
5 0.5057030158126816 0.5146354851086936 0.03166815651766246 0.07296627404661712
5 0.5076791271508042 0.4435962988110244 0.02854315651766246 0.07285714664195542
5 0.7608041271508041 0.4524356185886231 0.02539997579950324 0.0696230192372937
5 0.7334558319712643 0.45226200379783305 0.02852497579950324 0.06973214664195541
5 0.9107677657144858 0.46392373401238524 0.028506795081344193 0.06660714664195541
5 0.8787546964326449 0.4596801781146027 0.025381795081344194 0.0664980192372937
2 0.8514245819712644 0.4563815633238127 0.028534066158582762 0.07129464664195542
5 0.8217370819712644 0.4553448529795265 0.03164997579950324 0.06984127404661714
5 0.35774328054520865 0.2930184015360968 0.028534066158582762 0.07129464664195542
5 0.329232461165172 0.22404022304297602 0.028506795081344016 0.06660714664195541
5 0.29878189188333126 0.2198512308475243 0.028506795081344016 0.06660714664195541
5 0.4800733193800367 0.08474708846673816 0.02850679508134384 0.0666071466419554
5 0.4511670693800366 0.08373765997361733 0.028497704722264317 0.06504464664195542
5 0.8269346838414172 0.09920398038418816 0.02854315651766228 0.07285714664195542
5 0.7996000242004968 0.09668661559339818 0.03165906615858276 0.0714037740466171
5 0.9753540031232578 0.10751253210561947 0.025381795081344194 0.0664980192372937
5 0.9464477531232578 0.10650310361249864 0.028506795081344193 0.06660714664195541
5 0.9682767804470128 0.24948177729629606 0.02539997579950324 0.0696230192372937
5 0.9393841659856321 0.24612859880317522 0.02539997579950324 0.0696230192372937
5 0.8792142804470128 0.24637164626343724 0.025345433645025395 0.060248019237293705
5 0.8518705304470128 0.24541678147264728 0.02852497579950324 0.06973214664195541
5 0.8206205304470128 0.24432550742603015 0.028470433645025394 0.06035714664195542
5 0.7932858708060924 0.24180814263524023 0.03162270472226432 0.06515377404661712
5 0.8755377510801544 0.7440006144122718 0.028534066158582762 0.07129464664195542
5 0.8450690010801545 0.7429366222168201 0.03162270472226432 0.06515377404661712
5 0.8169485462596942 0.7411732255748648 0.028506795081344193 0.06660714664195524