5 0.3546875 0.346875 0.028125 0.06875
5 0.38359375 0.34765625 0.0296875 0.06875
5 0.17734375 0.35078125 0.0296875 0.0703125
5 0.17890625 0.42109375 0.0265625 0.06875
5 0.20859375 0.42109375 0.0296875 0.06875
5 0.2078125 0.35078125 0.028125 0.0703125
2 0.12109375 0.63203125 0.0265625 0.0703125
5 0.2671875 0.559375 0.0265625 0.06640625
5 0.29609375 0.55859375 0.028125 0.06875
5 0.81953125 0.41328125 0.0265625 0.06640625
5 0.87578125 0.4125 0.0265625 0.06640625
5 0.903125 0.4140625 0.028125 0.06875
5 0.64609375 0.4140625 0.028125 0.06640625
5 0.6171875 0.4125 0.0265625 0.06640625
5 0.6203125 0.628125 0.0265625 0.06640625
5 0.7359375 0.5546875 0.0296875 0.0703125
2 0.70703125 0.55546875 0.0296875 0.0703125
5 0.6484375 0.628125 0.0296875 0.06875