5 0.0773720628389331 0.2760838395630465 0.07203862646343313 0.0306349303072194
5 0.0798465812838933 0.030126498818873648 0.06891362646343313 0.03052580290255765
5 0.07922441256778662 0.05744296696770822 0.0689136264634331 0.030525802902557665
5 0.21494985177195697 0.4285144135169964 0.07203862646343309 0.0306349303072194
5 0.29013620413308916 0.4631647212288774 0.06891362646343309 0.030525802902557686
5 0.2895094902374426 0.48969993937771206 0.07202044574527396 0.027509930307219398
5 0.08831216724316873 0.9482043762235353 0.06892271682251275 0.03208830290255769
5 0.08846670334752223 0.9747668762235353 0.06890453610435351 0.028963302902557685
5 0.49904357152133605 0.5243552254900468 0.06577044574527377 0.027291675497895972
5 0.42518284894328656 0.31478676333166195 0.06891362646343317 0.030525802902557686
5 0.4269180657657993 0.3445288270339928 0.06894998789975162 0.036775802902557685
5 0.4955852107723885 0.0641716936388813 0.07203862646343318 0.030634930307219376
5 0.4957579275949012 0.0938591936388813 0.06578862646343317 0.03041667549789595
5 0.8628419302271799 0.3574083499843016 0.06578862646343317 0.03041667549789597
5 0.8622288518701529 0.3862873181331361 0.06891362646343317 0.030525802902557686
5 0.9308243157657994 0.3621256210356938 0.07203862646343281 0.0306349303072194
5 0.9325504422292324 0.39030518473802467 0.07203862646343318 0.0306349303072194
5 0.8623339118804155 0.5386037862819707 0.06578862646343317 0.03041667549789597
5 0.8601628787029283 0.5682094407284743 0.06891362646343317 0.030525802902557686
5 0.9287230229239505 0.8064931799287013 0.06422612646343281 0.030362111795565028
5 0.9298956792452213 0.9964236710898767 0.06578862646343317 0.007152657820246588