4 0.6296520369734158 0.2994119580064307 0.09415279172311415 0.043946377976042325
4 0.630013885118965 0.3362399686500924 0.09571529172311415 0.04405563861970414
3 0.5370617452503016 0.26824907533881137 0.08946529172311415 0.043618596045057155
4 0.24985831637205785 0.24912664280707802 0.09102779172311397 0.04372785668871888
4 0.25256391451760696 0.28579076248524715 0.09275406603337358 0.04696211733238061
4 0.2530076498182859 0.3241812731289089 0.09283595318850324 0.0485246173323806
4 0.25653544154139996 0.3615720124852472 0.09259029172311398 0.043837117332380604
4 0.33966112279449295 0.24206290579652823 0.08930151741285446 0.04049359604505724
4 0.34240766451760696 0.2795082754746974 0.09275406603337358 0.04696211733238069
4 0.34281045624072104 0.31711753611835913 0.09579717887824382 0.04561813861970414
4 0.3440763851189648 0.35623466644019 0.08962906603337348 0.04674359604505716
4 0.4319548433958508 0.3124521794296402 0.09250840456798422 0.0422746173323806
4 0.43068891451760705 0.27333504910780937 0.09587906603337366 0.04718063861970414
2 0.26072165253181934 0.39656437151975454 0.08913774310259504 0.037368596045057156