4 0.60859375 0.1234375 0.03984375 0.09375
2 0.646875 0.1234375 0.0421875 0.09296875
4 0.3015625 0.1234375 0.034375 0.09375
4 0.3015625 0.2171875 0.040625 0.09140625
3 0.71875 0.31953125 0.034375 0.0859375
3 0.8265625 0.41171875 0.034375 0.09296875
3 0.71640625 0.4109375 0.03671875 0.090625
4 0.9734375 0.32109375 0.034375 0.08671875
2 0.2703125 0.66953125 0.0359375 0.09296875
2 0.30859375 0.66640625 0.03203125 0.09375
2 0.30625 0.7765625 0.034375 0.0921875
2 0.58515625 0.8625 0.03671875 0.09296875
4 0.621875 0.86484375 0.0359375 0.0953125