4 0.7015519814608123 0.9470986494270865 0.03853633601209037 0.08949885200509052
4 0.6246798514480856 0.8524668547501324 0.040080654678545005 0.08795453333863605
4 0.70694526941436 0.6050202374283593 0.038445429344363194 0.08168635200509052
2 0.7444816320814508 0.6085815894334499 0.03846361067790856 0.08324885200509069
4 0.23464246073358783 0.49563231536440766 0.035374973344999464 0.08633748933799978
4 0.6706163234006788 0.5038299074235868 0.03857269867918127 0.09262385200509068
4 0.7116749386934987 0.20591057542963193 0.04162497334499946 0.0864102146721816
4 0.6718493700270443 0.20700945142422306 0.03851815467854482 0.08793635200509069
4 0.6721499093729981 0.29996911075745036 0.04024428668045381 0.10201703333863606
4 0.270306693387952 0.40543457670272565 0.03851815467854482 0.08793635200509069
4 0.3062260120544066 0.4042902473742708 0.03859088001272663 0.09418635200509069
2 0.34372601205440656 0.4047265993793615 0.03853633601209037 0.0894988520050907
4 0.19609703405472473 0.4053522133593169 0.038518154678544914 0.08793635200509069
4 0.23436010272117933 0.40423515603118043 0.03544769867918127 0.09258748933799979
4 0.23390502204008906 0.2979942466979531 0.03862724267981754 0.0973113520050907
4 0.7078157840547248 0.4113066000954501 0.03853633601209037 0.0894988520050907
4 0.7080179680935411 0.6972077374283593 0.03553860534690845 0.10039998933799979
1 0.6717708380808144 0.6030486574235867 0.038445429344363194 0.0816863520050907
2 0.6629883734484038 0.8552560474219959 0.038518154678545004 0.08793635200509087
3 0.7755156454487219 0.8589088534372677 0.038518154678545004 0.08793635200509087
3 0.4524946740929048 0.6895475893936791 0.035393154678545 0.08789998933799978
3 0.8273090293602714 0.2080372441119948 0.038481792011454276 0.08481135200509068
5 0.7127294560391345 0.29653557542963194 0.03552042401336308 0.09883748933799978
2 0.2320874360279987 0.2089226560311804 0.04167951734563582 0.0910977146721816
2 0.3804811247214975 0.4082788607176795 0.038481792011454005 0.08481135200509068
2 0.701260532781631 0.8549202400938594 0.0400442920114541 0.08482953333863605
2 0.740323032781631 0.8553747734324955 0.03695565467854482 0.08791817067154532
2 0.8176849641151765 0.8578372494429949 0.03849997334499946 0.08637385200509087
2 0.6697185367599957 0.6951997947564958 0.041788605346908446 0.10047271467218159
5 0.7454816054264504 0.69451908943345 0.040153380012726815 0.09420453333863606
2 0.47545201078131283 0.8499492873965426 0.03699201734563573 0.09104317067154497
2 0.43794292011454017 0.8487316853914517 0.040153380012726635 0.09420453333863606
2 0.3645054201145402 0.847877162714816 0.041715880012726636 0.0942227146721816
2 0.32538837611390387 0.8427351293761799 0.041661336012090364 0.08953521467218159
4 0.21756678544713112 0.840699367361544 0.041643154678544916 0.0879727146721816
4 0.25663837611390383 0.8419351507001803 0.038518154678544914 0.0879363520050905
2 0.34368220074790534 0.6023555773790433 0.03535679201145401 0.08477498933799979
4 0.23585151941435992 0.5995385653644076 0.035374973344999464 0.08633748933799978
2 0.30695436008113264 0.6011470660407253 0.03695565467854491 0.08791817067154532
2 0.34317421809354115 0.6929623960454979 0.035374973344999464 0.08633748933799978
2 0.3079997867599957 0.6909908160407253 0.03699201734563573 0.09104317067154533
4 0.062368566080496304 0.5936141873408634 0.03695565467854491 0.08791817067154532