5 0.6727636052483398 0.7872706137612293 0.0699871683207995 0.03056673151356133
2 0.6756360481762452 0.8153046084995573 0.0699871683207995 0.030566731513561506
5 0.7972112177398991 0.3812873823182551 0.06537244292790553 0.03185621572854576
5 0.7985939352749103 0.41097488231825513 0.07005994292790554 0.03212923151356133
5 0.3915842258026697 0.7715293056004903 0.06380994292790546 0.03176521046687384
5 0.3937118060341281 0.8003900529696544 0.06366439371369373 0.028640210466873837
5 0.655130725597782 0.3582278558687215 0.0668621683207995 0.030384720990217672
5 0.6024511052483398 0.7913658505364625 0.0668621683207995 0.030384720990217672
5 0.6061047981762452 0.8193543426439547 0.0699871683207995 0.030566731513561506
5 0.8067511534290942 0.6870291481032706 0.0668621683207995 0.030384720990217672
5 0.8082066455712112 0.7182791481032706 0.0668621683207995 0.030384720990217672
5 0.8102614511955638 0.7455773954724346 0.06537244292790553 0.03185621572854593
5 0.8752614048768361 0.6274196586972015 0.07147689371369381 0.029095236775233246
5 0.8064022429661775 0.6290801402107629 0.06991439371369382 0.029004231513561508
5 0.7991590155063687 0.439926634949091 0.06693494292790554 0.03194722099021767
5 0.792354589741971 0.293832884949091 0.07325771753501123 0.033873742036904984