5 0.5898125223211343 0.08071759021779407 0.06608865016215582 0.030767941085271498
5 0.5932507625786064 0.4118173958933201 0.0692409237011061 0.03253070018457009
5 0.5955105121715694 0.5859860811184954 0.06608865016215582 0.030767941085271568
2 0.5959526172844193 0.7007297015688462 0.06608865016215582 0.030767941085271387
4 0.8007650279998819 0.5421719316722058 0.06921365016215582 0.030968200184570093
5 0.869563846588138 0.45995901140642526 0.06921365016215582 0.030968200184570093
5 0.8668228559236291 0.30292776140642524 0.06924092370110628 0.03253070018457009
5 0.7985325519458693 0.36956574644703044 0.06608865016215582 0.030767941085271477
5 0.8698678096565071 0.4326653261812499 0.06918637662320534 0.029405700184570095
5 0.8010553542987757 0.5140969964470304 0.06611592370110628 0.03233044108527139
5 0.5970241935833132 0.6727048311184954 0.06608865016215582 0.030767941085271568
5 0.5958144752399384 0.5586923958933201 0.06452615016215582 0.030667811535622213
5 0.5935410888775003 0.38374246066814477 0.06452615016215582 0.030667811535622213
5 0.5889824537328783 0.16728614589332008 0.06611592370110611 0.03233044108527148
5 0.5884642564928217 0.1375986458933201 0.06608865016215582 0.030767941085271477
5 0.2637027735323597 0.9798829688445927 0.06452615016215582 0.030667811535622036