2 0.8611791548357353 0.984261450941306 0.029105311535622035 0.03147709811738793
5 0.32217630011997167 0.4849867339326358 0.03223031153562221 0.06570059471009326
5 0.3518638001199717 0.4867158339044009 0.03233044108527148 0.06726309471009344
2 0.33089715144887444 0.13524433916607276 0.027542811535622214 0.06542757892507778
5 0.22277137569213798 0.2698251945406841 0.030467552436323507 0.06248458944842143
5 0.254021375692138 0.2716452997741211 0.02900518198597286 0.06395608418674961
5 0.2814151904669626 0.2740191418533784 0.02900518198597286 0.06395608418674961
5 0.16843313155223413 0.3328187472279897 0.030767941085271477 0.06717208944842143
5 0.3063369563492081 0.6872093865917066 0.03223031153562221 0.06570059471009326
5 0.380088929669621 0.48991642861449414 0.029405700184570095 0.0702060841867496
5 0.7130735194259897 0.9249409599021767 0.030968200184570093 0.0702970894484217
5 0.7404172694259897 0.926533551981434 0.035655700184570094 0.07057010523343692