5 0.1717265863309118 0.9729208314853264 0.07052598755244537 0.027441731513561506
5 0.35275664047080796 0.6007860391801902 0.06775618506293438 0.03194722099021767
5 0.2603016504195629 0.20183332871331622 0.06763778589277133 0.030384720990217672
5 0.3372445039486922 0.29342856548854945 0.0675193867226084 0.028822220990217674
5 0.4713225834079049 0.24601378114650804 0.06763778589277152 0.030384720990217672
5 0.47345376847083925 0.274138781146508 0.06751938672260849 0.028822220990217674
2 0.5430442180559207 0.27896976529090534 0.07076278589277152 0.03056673151356133
5 0.4836020535384181 0.4901810100998206 0.07388778589277152 0.030748742036904985
5 0.5605691404708079 0.6128897389825461 0.06763778589277152 0.030384720990217672
5 0.5628187247039055 0.6425772389825462 0.06775618506293454 0.03194722099021767
5 0.5634466093519214 0.6713924837208742 0.06763778589277133 0.030384720990217672
5 0.5657553931701003 0.7018612337208743 0.07076278589277152 0.03056673151356133
5 0.7429356290489386 0.1762752177240972 0.06619368506293455 0.03185621572854584
5 0.7463817829929864 0.26281195720075357 0.06763778589277152 0.030384720990217672
5 0.7468912684708393 0.2900647019390817 0.06451278589277151 0.03020271046687393
2 0.9153051072773289 0.6957749175970404 0.06775618506293454 0.03194722099021767
5 0.7492000522890183 0.32053345193908167 0.06775618506293438 0.03194722099021767
5 0.6962796522936626 0.5049014756871921 0.06775618506293438 0.03194722099021767
5 0.7679663207598575 0.5681897019390817 0.06619368506293437 0.03185621572854593
5 0.770215904992955 0.5978772019390817 0.06607528589277152 0.030293715728545934
5 0.7715658400558894 0.6259566993082457 0.06775618506293454 0.03194722099021767