5 0.3063020824745292 0.7813489521881816 0.09001299480421991 0.03644656010845857
1 0.24226926349365333 0.055644970240358305 0.08699725544788164 0.03799087939029935
7 0.888710754866804 0.6380599560970064 0.21271633741820786 0.6744010780624394
7 0.6072643768907616 0.5474723592950191 0.20262079953513776 0.4853567587805987
1 0.5854921917611382 0.8508473441697086 0.08990373416055811 0.03488406010845857
1 0.6725551491864913 0.8440882840612499 0.08074725544788172 0.03795451795398108
4 0.5929165616914089 0.9234899586310892 0.09324725544788173 0.03802724082661797
1 0.5435578839281272 0.27351268452878824 0.0852162341605581 0.034856789031219734
4 0.5402636391239073 0.23757972970832805 0.08387225544788172 0.03797269867214013
4 0.536696242710533 0.19774052488786786 0.085653276735205 0.04110678903121974
6 0.3410124021133574 0.14916595955444506 0.10836878293939138 0.2983319191088901
6 0.25128326659574646 0.1845512202403583 0.10301501139996638 0.22238406010845857