5 0.04118628733866804 0.14840278366526397 0.029243215096963936 0.06504464664195542
5 0.013834629058837422 0.15208085517214315 0.027669258117674844 0.07291171034428627
5 0.043921549513532665 0.08126984736759482 0.032450035713814954 0.06984127404661714
5 0.015209078531007314 0.08257688702330855 0.030418157062014627 0.06984127404661711
5 0.06327810674099836 0.5845957440095503 0.02932503571381497 0.06973214664195541
5 0.035153106740998356 0.5836135973675949 0.02932503571381496 0.06973214664195541
5 0.2895599630716643 0.5190154171451935 0.029325035713814885 0.06973214664195523
5 0.3192474630716643 0.5200521274894797 0.029325035713814885 0.06973214664195541
5 0.4078093567409984 0.596627040373504 0.029325035713814885 0.06973214664195523
5 0.3789303802799487 0.5940551118803831 0.032450035713814884 0.06984127404661714
5 0.5297116302799487 0.5993205091553107 0.029325035713814885 0.06973214664195541
5 0.5593991302799488 0.600357219499597 0.029325035713814885 0.06973214664195541
5 0.37411837500494294 0.7353795163268868 0.029379582791715642 0.07285714664195542
5 0.4045871250049429 0.7364435085223385 0.029325035713815062 0.06973214664195541
5 0.43587803531336844 0.7351910325689557 0.029325035713814885 0.06973214664195541
2 0.4647979220828436 0.7354192110620764 0.032450035713814884 0.06984127404661714
5 0.5530518985438932 0.7400645602437698 0.026200035713814886 0.0696230192372937
5 0.5249541720828436 0.7375199136018143 0.029379582791715642 0.07285714664195542
5 0.493873947246647 0.9506275488110244 0.032450035713814884 0.06984127404661714
5 0.4634324707855974 0.9480010566155727 0.029325035713814885 0.06973214664195523
5 0.4353074707855974 0.9470189099736173 0.032450035713814884 0.06984127404661714
5 0.40560633401612217 0.9467634496293311 0.0325591298696164 0.07609127404661713
5 0.345436447246647 0.9454439970895931 0.03239548863591431 0.06671627404661713
5 0.3165574707855974 0.9428720685964723 0.02932503571381497 0.06973214664195523
5 0.09628588109402289 0.9328348365678216 0.03099662986961633 0.07603671034428601
5 0.7751648575550725 0.9581052652305786 0.029325035713814885 0.06973214664195523
5 0.7454637207855974 0.9578498048862922 0.029379582791715465 0.07285714664195524