5 0.146875 0.9502653023577272 0.0640625 0.030735346843970036
5 0.1515625 0.9789805513691441 0.071875 0.03261618182494175
5 0.0796875 0.951440483194086 0.06875 0.03405134783255335
5 0.08203125 0.9810324826997945 0.06875 0.03405134783255335
5 0.58203125 0.9028465439175892 0.06875 0.03248884783255335
5 0.58203125 0.9309715439175893 0.06875 0.030926347832553346
5 0.50859375 0.6808388927387256 0.06875 0.03092634783255317
5 0.50859375 0.6511513927387256 0.06875 0.03092634783255317
5 0.58203125 0.5583152939175892 0.06875 0.03092634783255317
5 0.58046875 0.5872852109137836 0.06875 0.03405134783255317
5 0.58046875 0.4365039609137836 0.06875 0.03092634783255317
5 0.58046875 0.40681646091378354 0.06875 0.03092634783255317
5 0.721875 0.5838670977581911 0.071875 0.031053681824942104
5 0.721875 0.5533983477581911 0.06875 0.030926347832553346
5 0.71953125 0.5222438482524827 0.06875 0.030926347832553346
2 0.71875 0.49336943175057985 0.06875 0.03405134783255335
5 0.7203125 0.4050245147543855 0.06875 0.027801347832553346
5 0.71875 0.4332131817505799 0.071875 0.031053681824942104
5 0.9328125 0.45183455327194827 0.06875 0.03405134783255317
5 0.93125 0.4823669702681427 0.06875 0.03092634783255317
5 0.93125 0.5104919702681426 0.06875 0.03405134783255317
5 0.93203125 0.5401476367700455 0.075 0.03430601581733086
5 0.9328125 0.6002720532719483 0.065625 0.03392401384016441
5 0.93125 0.6292419702681427 0.06875 0.03092634783255317
5 0.92890625 0.8496499707624341 0.075 0.03274351581733086
5 0.93046875 0.17068005376623988 0.06875 0.030926347832553214
5 0.93125 0.20033572026814267 0.071875 0.031053681824942014