2 0.5416128127784494 0.8110543352030204 0.04731135200509069 0.038591027735416714
2 0.4915582687778131 0.8075305981207983 0.047274989337999784 0.03546602773541672
2 0.6384787221116767 0.8080182945498258 0.05036362667090888 0.032413762917777686
2 0.2639765194143599 0.5908925312507984 0.047238626670908876 0.032341027735416715
2 0.08148109806649695 0.48807992182774296 0.03789998933799978 0.035247822188333444
2 0.08696058076063204 0.6903509366453819 0.03944430800445433 0.03372168977951393
2 0.3990616861075405 0.783113786000451 0.047238626670908876 0.032341027735416715
2 0.35055146077335875 0.7779911813270484 0.047274989337999784 0.03546602773541672
6 0.3488022213558171 0.15755139475791638 0.05665217870781625 0.30436149810013896
6 0.3971584526973168 0.2165984332269094 0.051963584022908016 0.16991376291777777
2 0.7747049340785873 0.5610315789347563 0.051926126670909054 0.032450130508958355
2 0.8213003127784495 0.8045445363817005 0.05352498933799978 0.035611498100139014