2 0.7019033729143608 0.4539274927427767 0.07221496144333699 0.033782736775233246
3 0.8959504549649321 0.10465001663206157 0.06117733189368764 0.031583199943530274
5 0.4103130575212274 0.6638155161379513 0.07347707279438911 0.029186242036904987
1 0.46405531461794125 0.3399615162085386 0.07231509099298634 0.03534523677523325
2 0.4683003284976017 0.43067752147021043 0.07231509099298634 0.03534523677523325
3 0.23983656461794114 0.3530207712584489 0.07055233189368781 0.03212923151356133
3 0.17176528994093887 0.4777470264495336 0.07211483189368777 0.032220236775233245
3 0.16903271128645359 0.3861587659261899 0.07055233189368781 0.03212923151356142
3 0.16796156461794115 0.357207013295354 0.07221496144333708 0.033782736775233246
5 0.23289974244186085 0.13464249758092559 0.07035207279438911 0.02900423151356133
5 0.22973636721114818 0.04856848968841781 0.07035207279438911 0.029004231513561362
5 0.4902391918512386 0.7485552662085386 0.07367733189368764 0.03231124203690498