5 0.06520950925303362 0.28473474784053165 0.07104582363742165 0.03253070018457009
5 0.06369493561561199 0.2566598126153563 0.07104582363742165 0.03253070018457009
5 0.05806694682549964 0.1972347478405317 0.07104582363742162 0.03253070018457009
5 0.05642482743044348 0.16759731261535632 0.07104582363742162 0.03253070018457014
5 0.05406523091420458 0.13869106261535633 0.0713009151526907 0.035655700184570135
5 0.051705634397965675 0.10978481261535633 0.07104582363742162 0.03253070018457014
5 0.19795823637421636 0.292464509560724 0.07729582363742163 0.03293121838316741
5 0.19559863985797749 0.26355825956072393 0.0713009151526907 0.035655700184570094
5 0.18655886652011824 0.1432958243355486 0.07104582363742162 0.03253070018457009
5 0.18432681576151388 0.11595207433554862 0.07417082363742163 0.0327309592838688
5 0.25148262272903604 0.0627455336194174 0.07079073212215255 0.029405700184570137
5 0.24912302621279717 0.0338392836194174 0.07104582363742162 0.032530700184570126