5 0.04415672249741002 0.10801090744172862 0.028202082712657717 0.0696230192372937
5 0.0706828351938571 0.10630207450210405 0.028202082712657717 0.0696230192372937
5 0.27440714867609245 0.09527526134792737 0.028202082712657717 0.0696230192372937
5 0.24628214867609244 0.09625740798988278 0.029764582712657715 0.06967758293962453
5 0.5148952156729845 0.218340705998299 0.029764582712657806 0.06967758293962456
5 0.6048524356891951 0.2848436705189365 0.02983735731976367 0.07124008293962455
5 0.9094671610820892 0.2726412485644196 0.029546258891340216 0.06499008293962456
5 0.8025900765074047 0.41409711698340673 0.02976458271265763 0.06967758293962448
5 0.5582771503287223 0.42732383639818555 0.029619033498445902 0.06655258293962447
5 0.5880010376322753 0.42706837605389936 0.031327082712657627 0.06973214664195541
5 0.3257600568626976 0.5090004554501448 0.02961903349844599 0.06655258293962447
5 0.9782664727022977 0.47291157787584714 0.029546258891340216 0.06499008293962447
5 0.9487245219165095 0.4770732882201333 0.026421258891340216 0.06488095553496294
5 0.8147583984666955 0.6249527714299103 0.029619033498445902 0.06655258293962447
5 0.626627005786459 0.7019493249654403 0.029546258891340216 0.06499008293962447
5 0.570377005786459 0.7039136182493511 0.029546258891340216 0.06499008293962447
5 0.8741013192686944 0.6893947281459996 0.027983758891340214 0.06493551923729371
5 0.9045336819651414 0.6875494859505479 0.02791098428423453 0.0633730192372937
2 0.9918323589723934 0.8228024504711854 0.016335282055213084 0.0664980192372937
5 0.598502005786459 0.7029314716073956 0.031108758891340217 0.06504464664195542
5 0.4798975550006707 0.7102033129845406 0.0280565334984459 0.0664980192372937