4 0.36579774320306846 0.8621547006400891 0.040091454077492816 0.09168475544788138
4 0.404056261149757 0.8640503364098017 0.04165395407749273 0.09179401609154354
4 0.44075227909644565 0.8658367115358523 0.04160848997087001 0.09023151609154353
4 0.43970059296564157 0.7761022221795141 0.040091454077492726 0.09168475544788172
4 0.2908432073096911 0.8584726897443258 0.040091454077492816 0.09168475544788138
4 0.32832047525637975 0.8603136951922075 0.040136918184115446 0.09324725544788173
4 0.3257062891255756 0.7704699451922075 0.04317098997087019 0.09034077673520499
4 0.40222332501895297 0.7742612167316325 0.03692098997087001 0.08990373416055811
4 0.3184487524407754 0.46745420583586916 0.044915346397360875 0.09670003737886682
4 0.39420727038746417 0.47197209705346327 0.04330738229073816 0.095028276735205
2 0.4340510203874642 0.47475824346683754 0.04326191818411544 0.093465776735205
4 0.4355800796378064 0.5808989828231759 0.03696645407749273 0.0914662341605581
4 0.31265207884638363 0.26823545583586916 0.04179034639736088 0.09648151609154336
4 0.35249582884638364 0.27102160224924343 0.04335284639736088 0.09659077673520518
4 0.3907088826864496 0.27135473801895593 0.04188127461060631 0.09960651609154336
2 0.42901286473976086 0.2748128737886685 0.04188127461060631 0.09960651609154336
2 0.30996969655564544 0.1760479558358692 0.04473348997087019 0.09045003737886685