5 0.6222840661585828 0.07393046291368785 0.06891362646343317 0.028524975799503194
5 0.6213437348746895 0.04658216773414804 0.06891362646343317 0.028524975799503183
5 0.4058914516972022 0.0750151981811608 0.06578862646343317 0.028506795081343926
5 0.34411011094533916 0.3324595386384363 0.06891362646343317 0.02852497579950324
5 0.3439373941228264 0.30277203863843627 0.06578862646343317 0.028506795081343926
2 0.5555475806947181 0.4196242371141847 0.0704852168225127 0.03009656615858276
2 0.555552125874258 0.4204054871141846 0.06577953610435347 0.026944295081343838
2 0.6298532099868217 0.5692702339909268 0.06890453610435365 0.026962475799503238
2 0.5561606590517452 0.3907225322937245 0.06893180718159239 0.03164997579950315
5 0.3459185715213359 0.509026583817976 0.07516362646343318 0.02856133723582168
5 0.3465225595192834 0.4785623789975159 0.0704852168225127 0.03009656615858276
2 0.41779357152133595 0.5094447403356386 0.06890453610435347 0.026962475799503238
5 0.41683960469882325 0.4797526951560987 0.0704852168225127 0.03009656615858276
5 0.4080806655928487 0.04846633371978022 0.06890453610435347 0.026962475799503182