5 0.40540317198982834 0.53515625 0.042984209702377284 0.14375
5 0.48158251896510923 0.68359375 0.04272911818710821 0.140625
5 0.5343731948686457 0.5359375 0.041166618187108206 0.140625
5 0.5975268991110111 0.534375 0.046109209702377286 0.14375
2 0.6601544448686456 0.5359375 0.04636430121764619 0.146875
5 0.7239458778991837 0.5421875 0.042984209702377284 0.14375
2 0.7954537003286574 0.68125 0.04272911818710821 0.140625
5 0.8244874960862919 0.6828125 0.038041618187108384 0.140625
5 0.913805087601561 0.6859375 0.04142170970237728 0.14375
5 0.9887266286480898 0.690625 0.0225467427038204 0.134375
5 0.9320134694144528 0.5453125 0.03558629788366652 0.1296875