5 0.29375 0.07734375 0.02890625 0.06875
5 0.3859375 0.34609375 0.0296875 0.06953125
5 0.18125 0.48828125 0.02421875 0.06875
5 0.18359375 0.55625 0.025 0.0671875
5 0.11171875 0.49140625 0.028125 0.06328125
5 0.3296875 0.69296875 0.0265625 0.065625
5 0.36171875 0.7640625 0.02421875 0.06015625
5 0.39140625 0.76328125 0.0296875 0.06171875
5 0.2171875 0.9015625 0.0265625 0.065625
5 0.2453125 0.9015625 0.02890625 0.065625
5 0.84765625 0.5421875 0.02421875 0.065625
5 0.875 0.54296875 0.02421875 0.06640625