5 0.940954710478713 0.8734202180005604 0.02543792069139812 0.06943196159934004
5 0.5626946328194636 0.6744481382297399 0.030034492478152687 0.06644335391920819
5 0.16556356855455637 0.7484505572052782 0.028471992478152595 0.06639788981258547
5 0.255109453352577 0.6755920672344081 0.026909492478152598 0.06635242570596293
5 0.20366427678868432 0.5389247930195132 0.028471992478152595 0.06639788981258547
5 0.23178927678868427 0.5381064391003051 0.026909492478152684 0.06635242570596275
2 0.23459367953339355 0.4685524570469937 0.02856292069139794 0.06952288981258548
5 0.4480136703621936 0.5380596603330637 0.028653848904643377 0.07264788981258548
5 0.5687413590002801 0.46663563822973997 0.028471992478152686 0.06639788981258565
5 0.5984288590002802 0.46577182020390906 0.030034492478152687 0.06644335391920819
5 0.6272896448936575 0.4664932342313894 0.028471992478152686 0.06639788981258565
5 0.6577583948936575 0.46560668415224704 0.02856292069139794 0.06952288981258548
5 0.12581938776752152 0.26330031888376076 0.029989028371529926 0.06488085391920828
5 0.21244720955427615 0.263902060966202 0.028471992478152595 0.06639788981258565
5 0.2397454954476535 0.2646689391003051 0.028381064264907253 0.06327288981258565
2 0.6414253188837608 0.11481707396483269 0.030034492478152687 0.06644335391920828
5 0.2702142454476535 0.26378238902116274 0.030034492478152597 0.06644335391920828
5 0.45654053886287826 0.3254914641731297 0.030034492478152687 0.06644335391920828
5 0.5178704954476535 0.2565763281214678 0.029989028371529967 0.0648808539192082
5 0.5475579954476535 0.2557125100956369 0.02842652837152997 0.06483538981258556
5 0.5756602633943422 0.2556754061764286 0.030034492478152687 0.06644335391920819