5 0.9272221670080573 0.9379167427991302 0.028439260515449406 0.06591590133672724
5 0.9013590298529273 0.9391792507956304 0.030165534825709273 0.06905908267027243
5 0.443749004976841 0.7360776913987698 0.030165534825709096 0.06905908267027243
5 0.6546809401866629 0.5298111520925867 0.030165534825709096 0.06905908267027261
5 0.625733746609098 0.530256047421996 0.033454309135968606 0.07222044533736352
5 0.8073279053609538 0.6003792854471312 0.030165534825709273 0.06905908267027261
5 0.7495563489385186 0.5989253261059497 0.026876760515449582 0.0658977200031817
5 0.753077496609098 0.5317378261059498 0.030165534825709096 0.06905908267027243
5 0.7229938489385186 0.5986162434356771 0.03156426051544958 0.06595226400381797
5 0.7265559401866628 0.5306474934356771 0.03024742198083885 0.0706215826702726
5 0.41558306139927614 0.7365316773949517 0.03000176051544958 0.06593408267027243
5 0.733762009838081 0.3931474934356771 0.03156426051544958 0.06595226400381797
5 0.6048967034156459 0.3908662834181779 0.03000176051544958 0.0659340826702726
5 0.6654900446637901 0.3235611520925866 0.029919873360319826 0.06437158267027261
5 0.5203003753964848 0.3195265380728603 0.031482373360319824 0.06438976400381798
5 0.6488735119857877 0.11855547875554136 0.029756099050060315 0.06124658267027257
5 0.47473664914091734 0.11496576006522427 0.028357373360319828 0.06435340133672711
5 0.3591935362960471 0.11205784138286137 0.028357373360319828 0.06435340133672711
5 0.8907744069428334 0.1268423354550853 0.029919873360319826 0.06437158267027257
5 0.863553487675528 0.12418041211804003 0.031400486205190245 0.06282726400381802
5 0.6215707055633525 0.11745605541849606 0.033044873360319825 0.06440794533736342
5 0.44817414914091736 0.11465667739495171 0.029919873360319826 0.06437158267027257
5 0.9493681569428334 0.12752413546303948 0.029919873360319826 0.06437158267027257
2 0.33271292345117687 0.1101862587125888 0.03156426051544958 0.06595226400381797
2 0.49456006897404964 0.3184452960693604 0.030165534825709096 0.06905908267027261
5 0.5767717034156459 0.39053901941436 0.031728034825709094 0.06907726400381797