5 0.0390625 0.109375 0.025 0.06875
5 0.065625 0.10859375 0.025 0.06875
5 0.26953125 0.1046875 0.025 0.06875
5 0.24140625 0.1046875 0.0265625 0.06875
5 0.50390625 0.2359375 0.0265625 0.06875
5 0.590625 0.30546875 0.0265625 0.0703125
5 0.8953125 0.30390625 0.0265625 0.0640625
5 0.78203125 0.44140625 0.0265625 0.06875
5 0.5375 0.44609375 0.0265625 0.06640625
5 0.5671875 0.446875 0.028125 0.06875
5 0.3015625 0.51953125 0.0265625 0.06640625
5 0.9546875 0.50625 0.0265625 0.0640625
5 0.925 0.509375 0.0234375 0.0640625
5 0.784375 0.65234375 0.0265625 0.06640625
5 0.59296875 0.72265625 0.0265625 0.0640625
5 0.53671875 0.72265625 0.0265625 0.0640625
5 0.840625 0.71875 0.025 0.0640625
5 0.87109375 0.71796875 0.025 0.0625
2 0.9578125 0.85625 0.025 0.06640625
5 0.56484375 0.72265625 0.028125 0.0640625
5 0.44609375 0.72578125 0.025 0.06640625