5 0.14993244954507706 0.6476949066433402 0.029363847832553212 0.07076278589277152
2 0.12174378254888266 0.6471262215804058 0.029363847832553257 0.07076278589277134
5 0.5417631693932903 0.8207962454498297 0.030735346843970036 0.06619368506293455
5 0.5120756693932902 0.8185466612167323 0.03092634783255317 0.07088118506293455
5 0.19336009186387315 0.3704345896316822 0.030671679847775656 0.06463118506293446
5 0.16442200836577595 0.36902545498366623 0.027546679847775656 0.0643943867226084
5 0.5787431990507855 0.6825392288530903 0.02923651384016459 0.06763778589277152
5 0.15279746437382466 0.5773824066433402 0.029236513840164412 0.06763778589277152
5 0.1245769638795331 0.5775949715804057 0.029363847832553257 0.07076278589277134
5 0.23648542038187342 0.7929617076829586 0.029236513840164412 0.06763778589277133
5 0.20523542038187342 0.7905937242796981 0.029236513840164412 0.06763778589277133
5 0.1778598368837762 0.7893029888018452 0.030735346843970036 0.06619368506293455
5 0.2890573220550286 0.8682586282237459 0.027865014828747637 0.07220688672260848
5 0.2942024198875818 0.7996862269789904 0.02780134783255317 0.07064438672260849
5 0.48320125289138743 0.8155750265687164 0.030799013840164414 0.06775618506293454
5 0.6292950028913875 0.826645348978959 0.0326161818249421 0.07412458423309758