2 0.50703125 0.3296875 0.0296875 0.0703125
3 0.84375 0.1140625 0.02734375 0.06015625
5 0.31484375 0.63359375 0.02578125 0.07109375
1 0.634375 0.559375 0.03125 0.0703125
2 0.54375 0.5609375 0.03203125 0.0703125
3 0.634375 0.78359375 0.02890625 0.06953125
3 0.5140625 0.859375 0.02890625 0.0703125
3 0.60546875 0.85625 0.028125 0.06953125
3 0.634375 0.85546875 0.0296875 0.0703125
5 0.85234375 0.7765625 0.02578125 0.06875
5 0.93828125 0.77421875 0.025 0.06953125
5 0.22578125 0.559375 0.028125 0.07265625