5 0.4163155904800938 0.5980237341454882 0.03427654665416657 0.07145850593149916
2 0.4467843404800938 0.5967822277196975 0.03271404665416657 0.0713948389353046
5 0.01480390973104236 0.755346733194086 0.02960781946208472 0.0698323389353046
5 0.041649198208519964 0.751856977262587 0.03386644354388877 0.06677100593149916
5 0.7213221765783803 0.3061267583285949 0.032167242507129504 0.06514483893530469
5 0.7501600760600007 0.3057301688989987 0.032167242507129504 0.06514483893530461
5 0.4410584781335192 0.3152112341454882 0.03230394354388864 0.0667073389353046
5 0.4231800366158807 0.528460650647391 0.03413984561740726 0.06989600593149917
5 0.45293588713426036 0.5264697277196975 0.03753824769092588 0.07314833992388792
5 0.0032748056076394513 0.6161542406084598 0.006549611215278903 0.06514483893530461
5 0.31586794820851993 0.7406834194304712 0.03271404665416657 0.0713948389353046
5 0.34392459769014033 0.7403186634989722 0.03413984561740726 0.06989600593149917
5 0.37276249717176074 0.739922074069376 0.03413984561740726 0.06989600593149917
5 0.2502730510359738 0.8141965152858581 0.03413984561740726 0.06989600593149917
5 0.25642459769014037 0.7438840152858581 0.030604742507129502 0.06508117193911023
5 0.008110694156019404 0.9536250657036 0.016221388312038808 0.07139483893530496
2 0.029346813429816654 0.9547591427759066 0.03542894354388877 0.06683467292769336
5 0.38511835980115927 0.9457118176435854 0.03230394354388873 0.0667073389353046
5 0.4148058598011593 0.9445021447158919 0.03257734561740726 0.06983233893530497
5 0.4444250092827796 0.9440737217881985 0.03386644354388881 0.06677100593149916
5 0.06814334769014034 0.7515558883272824 0.032577345617407286 0.0698323389353046
5 0.9126675123938428 0.09437222175101742 0.030604742507129502 0.06508117193911027