5 0.68034983137998 0.9510666779121859 0.06655258293962447 0.027326116008908486
5 0.6801216528868592 0.9221513372454131 0.06973214664195523 0.02892497867599957
5 0.606448506793058 0.6924462032543218 0.06967758293962448 0.027362478675999568
5 0.3930854112395617 0.6925842052832751 0.06499008293962456 0.0273079346753633
5 0.3913220145976063 0.6644682959500477 0.06984127404661714 0.03204997867599957
2 0.45958837576019923 0.6050563859405027 0.06973214664195523 0.02892497867599957
5 0.4570437291182438 0.5769495672740482 0.06978671034428637 0.030487478675999567
5 0.6025347891923776 0.4908473405872309 0.0696230192372937 0.02579997867599957
5 0.8619519068935745 0.15331787921709625 0.06973214664195523 0.02892497867599957
5 0.857844760251619 0.12522924188418716 0.0633730192372937 0.025727253341817757
5 0.5887425853866952 0.18541495325432183 0.07124008293962447 0.027380660009545022
5 0.5877604387447398 0.15728995325432182 0.0696230192372937 0.02579997867599957
5 0.6062203282999372 0.6635308625875491 0.06973214664195541 0.02892497867599957
5 0.5996255548014743 0.42991893125400366 0.06655258293962447 0.027326116008908663
5 0.5971354718618496 0.40337461258754914 0.06655258293962447 0.027326116008908663
5 0.5805059555349629 0.016692225254639984 0.06660714664195541 0.028888616008908678
5 0.7936037001774853 0.21038603922664129 0.0696230192372937 0.02579997867599957
5 0.8663988486335391 0.28066162921709625 0.07129464664195524 0.02894316000954502
5 0.7847867169677082 0.06980649256050489 0.0664980192372937 0.025763616008908686
5 0.7814608203257528 0.04170876456082305 0.06978671034428637 0.030487478675999567