5 0.02421875 0.3515625 0.0265625 0.06640625
5 0.0265625 0.42109375 0.0265625 0.06875
5 0.05390625 0.42265625 0.028125 0.06875
5 0.05390625 0.3515625 0.028125 0.06875
5 0.19765625 0.3484375 0.0265625 0.06640625
5 0.22578125 0.34765625 0.0265625 0.06640625
5 0.4609375 0.4109375 0.025 0.0640625
5 0.4625 0.6265625 0.025 0.06640625
5 0.49140625 0.62578125 0.0296875 0.06640625
5 0.1109375 0.559375 0.0265625 0.06640625
5 0.13984375 0.559375 0.0296875 0.06875
5 0.5796875 0.55546875 0.0265625 0.06640625
2 0.55078125 0.55546875 0.0296875 0.0640625
5 0.66328125 0.4125 0.028125 0.0640625
5 0.96171875 0.41328125 0.028125 0.06640625
5 0.4890625 0.41328125 0.0265625 0.06875
5 0.721875 0.41328125 0.0265625 0.0640625
5 0.7484375 0.4125 0.028125 0.0640625
5 0.9359375 0.2109375 0.0265625 0.0640625
5 0.86640625 0.13984375 0.0265625 0.06875