5 0.19127671835938173 0.0615709253259592 0.0322202367752332 0.07080342370110612
5 0.1601177236210536 0.06367889610496599 0.0322202367752332 0.07080342370110612
5 0.04453822625188951 0.06647838798729117 0.032129231513561354 0.06924092370110613
2 0.1320382262518895 0.06495106980607213 0.03212923151356133 0.0692409237011061
5 0.1031319762518895 0.06545563027665341 0.03525423151356137 0.0692954707790068
5 0.4742257262518895 0.05897816477594766 0.032220236775233245 0.07080342370110611
5 0.44380247888272545 0.0602912487854793 0.03534523677523325 0.0708579707790068
5 0.25539794447009695 0.276295898540598 0.029186242036904987 0.07231137662320544
5 0.2257559471009328 0.2775953457806545 0.032220236775233245 0.07080342370110611
5 0.1677159339467532 0.274698216721817 0.03212923151356133 0.0692409237011061
5 0.13811943920842507 0.2767789139618735 0.03212923151356133 0.0692409237011061
5 0.10847744183926097 0.27807836120192997 0.0322202367752332 0.07080342370110611
5 0.07865343394675321 0.2762528084419864 0.035436242036905076 0.07242047077900678
5 0.10420019454068408 0.20464086120192998 0.03231124203690507 0.0723659237011061
5 0.26248864960471185 0.41146578531007316 0.035436242036905076 0.07242047077900686
5 0.2329376574972196 0.41432773255012967 0.032220236775233245 0.07080342370110611
5 0.11340640749721961 0.41641415827983064 0.0322202367752332 0.07080342370110611
5 0.0844546548663837 0.4161374687504119 0.0322202367752332 0.07080342370110611