5 0.21328125 0.2703125 0.028125 0.0625
2 0.240625 0.26953125 0.0296875 0.0640625
5 0.0140625 0.47734375 0.0234375 0.06875
5 0.04140625 0.4765625 0.028125 0.06640625
5 0.06796875 0.6140625 0.025 0.0640625
2 0.09609375 0.615625 0.028125 0.06640625
5 0.15390625 0.684375 0.028125 0.06640625
5 0.1828125 0.6859375 0.0296875 0.06875
5 0.040625 0.88359375 0.0265625 0.0640625
2 0.06796875 0.88359375 0.028125 0.0609375
2 0.23828125 0.8890625 0.028125 0.0640625
5 0.325 0.89140625 0.025 0.0640625
2 0.353125 0.8921875 0.025 0.0640625
5 0.2109375 0.88984375 0.0265625 0.0609375
5 0.4234375 0.8921875 0.0234375 0.06640625
5 0.0140625 0.68359375 0.028125 0.06640625