2 0.46796875 0.1765625 0.04765625 0.03828125
2 0.51796875 0.18125 0.04765625 0.03515625
2 0.37109375 0.17734375 0.04921875 0.03203125
2 0.74296875 0.403125 0.046875 0.03203125
2 0.92421875 0.51015625 0.03828125 0.03359375
2 0.92109375 0.3078125 0.0390625 0.0328125
2 0.61015625 0.2078125 0.04765625 0.03203125
2 0.65859375 0.2140625 0.04609375 0.034375
6 0.653125 0.834375 0.05390625 0.30390625
6 0.60546875 0.77421875 0.05 0.16796875
2 0.23203125 0.42109375 0.0515625 0.03203125
2 0.18828125 0.1765625 0.05234375 0.034375