5 0.5952823432611369 0.4990584698068137 0.07162244292790554 0.03139985731976367
2 0.5938632384225727 0.5295272198068137 0.0715496683207995 0.02983735731976367
5 0.7548822450376014 0.11501957174989377 0.0699871683207995 0.029764582712657715
5 0.7512285521096957 0.14303540983923496 0.06693494292790554 0.03118153349844599
5 0.3017505512856355 0.7664641778313122 0.06529966832079959 0.029546258891340216
5 0.30118547105417715 0.7954068151348652 0.06529966832079959 0.029546258891340216
5 0.3124698432611369 0.4858862659206535 0.06686216832079958 0.029619033498445902
5 0.525714705957584 0.49660124979060305 0.07005994292790554 0.031327082712657627
5 0.5235507384225727 0.52625236248705 0.07333049214211709 0.034597631926869356
5 0.615894673697483 0.0733136071103666 0.0652996683207995 0.02954625889134015
5 0.738456608562618 0.417254159839235 0.0715496683207995 0.02983735731976367
5 0.7379279156347124 0.4454155471427879 0.07005994292790554 0.03132708271265781
5 0.737362835403254 0.4743581844463408 0.07005994292790554 0.031327082712657627
5 0.8123157936326404 0.36119040446255146 0.07005994292790554 0.03132708271265772
5 0.7420032936326404 0.3579155471427879 0.0652268937136938 0.027983758891340128
5 0.9531378085198365 0.12816819685233766 0.0715496683207995 0.02983735731976358
2 0.9540988409848253 0.15796485876299643 0.06700771753501122 0.03274403349844599
5 0.94297498056469 0.514469569887867 0.0668621683207995 0.029619033498445902
5 0.9415922630296786 0.5441570698878669 0.0699871683207995 0.02976458271265763
5 0.9409907954946671 0.57388095719142 0.06693494292790518 0.0311815334984459
5 0.7507726337888962 0.1696342971427879 0.0699871683207995 0.029764582712657715
5 0.08898506989688534 0.930368204300445 0.06522689371369372 0.027983758891340214