3 0.24978585568078185 0.17109375 0.08769998789975161 0.034375
3 0.5513245880213885 0.44375 0.08771816861791067 0.0375
3 0.5523285518188392 0.40546875 0.08769998789975161 0.034375
3 0.5517700156162898 0.3671875 0.08769998789975161 0.034375
3 0.45881035597536945 0.365625 0.08459316861791084 0.0375
3 0.45903865671405414 0.0578125 0.08457498789975162 0.034375
3 0.762978663746137 0.7234375 0.08928975897699054 0.0390625
3 0.7622211814055303 0.45078125 0.08771816861791067 0.0375
3 0.8547399586310892 0.528125 0.08143180718159257 0.03125
3 0.8542808954975685 0.60703125 0.08148634933607006 0.040625
2 0.8517119700439666 0.10859375 0.08457498789975162 0.034375
3 0.7613324097391162 0.06640625 0.08461134933607006 0.040625