5 0.34081018628300785 0.06296861104381724 0.02932503571381497 0.07005994292790545
5 0.36815393628300785 0.061695055419464725 0.02932503571381497 0.07005994292790543
5 0.8907538648553779 0.1747427874318966 0.02937958279171582 0.07318494292790545
5 0.8613333717552368 0.25027148035980207 0.029325035713814885 0.07005994292790545
5 0.8030321278443168 0.45984984160850717 0.029270488635914305 0.06693494292790554
5 0.20731625324970615 0.4212434915229446 0.02943412986961631 0.07630994292790536
5 0.020165080766416037 0.4994349197685416 0.03250458279171564 0.07333049214211726
5 0.0482628072274657 0.49968747684063625 0.030887535713814952 0.07013271753501123
5 0.14951739001918135 0.42315490198586136 0.03406708279171564 0.07340326674922296
5 0.12061114001918134 0.4245012322173197 0.030914809252765307 0.07169521753501122
5 0.1177240990303606 0.6346210949137667 0.03250458279171564 0.07333049214211726
5 0.04460815300812014 0.7090624768406363 0.030887535713814952 0.07013271753501123
5 0.2636097487887746 0.9080670953280515 0.029325035713814885 0.07005994292790554
5 0.23468986201929942 0.9101946755595097 0.029270488635914305 0.06693494292790518
5 0.529975088480349 0.8980027748165028 0.029270488635914305 0.06693494292790554
5 0.7975541006552137 0.8184072043049542 0.029325035713815062 0.07005994292790554
5 0.7710052374246888 0.8188631226257538 0.032450035713814884 0.07020549214211727
5 0.9440239517108739 0.8794987539334507 0.02927048863591395 0.06693494292790518
5 0.9459779638857384 0.8122748666298977 0.032450035713814884 0.07020549214211727
5 0.32140861201929943 0.9061556848651348 0.029270488635914305 0.06693494292790554
5 0.8324134849857616 0.25239906059126044 0.029325035713814885 0.07005994292790545
5 0.12012417045799054 0.4971210949137667 0.029379582791715642 0.07318494292790553
5 0.14981167045799054 0.4957383773787555 0.03250458279171564 0.07333049214211726
5 0.015185885558249753 0.9188570078578827 0.027707988635914275 0.0668621683207995