2 0.5890625 0.08359375 0.07421875 0.04375
2 0.74765625 0.04375 0.07265625 0.040625
2 0.05234375 0.09375 0.06875 0.04140625
2 0.053125 0.0484375 0.06875 0.03984375
2 0.509375 0.12890625 0.07578125 0.04375
2 0.34921875 0.22109375 0.07265625 0.0421875
2 0.27265625 0.22109375 0.07265625 0.0421875
5 0.19609375 0.1296875 0.0703125 0.04140625
5 0.27421875 0.12890625 0.06953125 0.04375
2 0.27109375 0.40703125 0.071875 0.04375
2 0.66484375 0.36328125 0.0703125 0.046875
2 0.81328125 0.50703125 0.0703125 0.04296875
5 0.81328125 0.45859375 0.0703125 0.04375
5 0.42890625 0.409375 0.0734375 0.04140625
2 0.34921875 0.45390625 0.06875 0.04296875
5 0.5859375 0.36328125 0.0734375 0.0421875
5 0.12109375 0.3609375 0.06796875 0.04375
5 0.7375 0.50546875 0.071875 0.04375
6 0.47578125 0.29921875 0.92890625 0.10078125