5 0.61015625 0.2984375 0.02734375 0.06796875
5 0.9140625 0.0921875 0.02890625 0.06796875
5 0.40078125 0.29609375 0.02890625 0.071875
5 0.43125 0.2984375 0.03046875 0.07421875
5 0.46171875 0.2984375 0.02890625 0.06796875
5 0.48984375 0.29765625 0.02890625 0.06953125
5 0.15078125 0.3734375 0.02890625 0.06953125
5 0.11875 0.58359375 0.02734375 0.06796875
5 0.1765625 0.5109375 0.02890625 0.06796875
5 0.03203125 0.51171875 0.02890625 0.065625
5 0.43046875 0.5828125 0.02890625 0.06796875
5 0.55078125 0.5859375 0.02734375 0.06953125
5 0.5796875 0.58515625 0.02890625 0.06796875
5 0.34375 0.80234375 0.02734375 0.0640625
5 0.3734375 0.803125 0.02890625 0.06796875
5 0.39921875 0.58359375 0.02734375 0.06953125
2 0.459375 0.5859375 0.02890625 0.06796875
5 0.490625 0.58515625 0.02890625 0.06953125
2 0.234375 0.51328125 0.02890625 0.065625
5 0.43359375 0.7984375 0.02734375 0.06796875
5 0.46328125 0.80078125 0.02890625 0.06796875
5 0.49375 0.80078125 0.02734375 0.065625
5 0.5234375 0.8015625 0.02734375 0.0640625
5 0.3390625 0.94140625 0.02890625 0.06953125
5 0.3703125 0.9421875 0.03046875 0.06796875
5 0.490625 0.94375 0.02734375 0.06953125
5 0.51875 0.94375 0.02890625 0.06796875
5 0.953125 0.7234375 0.02734375 0.065625
5 0.8359375 0.9375 0.02734375 0.065625
5 0.86328125 0.93828125 0.02734375 0.0640625
5 0.7296875 0.51328125 0.02734375 0.065625
5 0.80234375 0.51484375 0.02890625 0.06796875
5 0.8015625 0.58359375 0.02734375 0.071875