5 0.46515102098899386 0.8704888439154015 0.02667290919430556 0.07289367193911005
5 0.8615259135627087 0.3956996799221378 0.02816267401194459 0.06983233893530469
5 0.8342367149494795 0.3969292574887359 0.02965243882958326 0.06677100593149898
5 0.8704690749412158 0.6122650974126238 0.0281990416031249 0.0713948389353046
5 0.8415810087368062 0.6118685079830275 0.028162674011944232 0.0698323389353046
2 0.7780607565526045 0.4648860786295434 0.029761541603125073 0.07145850593149898
5 0.7490999551658337 0.4613644891999472 0.03285017401194459 0.07002333992388791
5 0.6657815749412157 0.6039247209111585 0.029761541603125073 0.07145850593149898
5 0.3321696411456255 0.5895505672236558 0.03285017401194459 0.07002333992388791
5 0.6087503249412157 0.6016008755500633 0.02808993882958344 0.0667073389353046
5 0.5790446411456255 0.5996099526223697 0.029725174011944588 0.06989600593149917
5 0.3610395235544449 0.5891659066532521 0.02965243882958344 0.06677100593149916
5 0.39394686179468813 0.7957806625847512 0.028089938829583348 0.0667073389353046
5 0.3377890871934035 0.8645187337255587 0.028199041603125075 0.0713948389353046
5 0.30884646960222295 0.8617783942959625 0.02965243882958344 0.06677100593149916
5 0.25014231040791735 0.7875795489348671 0.026600174011944498 0.06976867193911022
5 0.18836508975885463 0.5813494535737719 0.02808993882958344 0.0667073389353046
5 0.16102133975885463 0.58023528114037 0.029688806420763925 0.06833350593149916
5 0.07586508975885464 0.5767654298477757 0.028053571238402818 0.06514483893530461
2 0.04850315596326436 0.5748700074143738 0.029652438829583395 0.06677100593149916
5 0.22201731040791733 0.786433543003368 0.029761541603125073 0.07145850593149916