5 0.2171875 0.7484375 0.03671875 0.08671875
1 0.94296875 0.76171875 0.0375 0.08359375
7 0.35703125 0.15625 0.6734375 0.165625
7 0.44921875 0.43125 0.48359375 0.16953125
1 0.14609375 0.47421875 0.034375 0.08671875
1 0.15234375 0.38671875 0.03671875 0.07734375
4 0.0734375 0.471875 0.03671875 0.090625
1 0.7234375 0.47578125 0.034375 0.0828125
4 0.759375 0.4765625 0.03671875 0.08125
4 0.79921875 0.47734375 0.040625 0.0828125
6 0.84921875 0.66953125 0.2984375 0.08671875
6 0.8140625 0.76171875 0.22109375 0.08671875