3 0.07370840339781322 0.8501539939926822 0.026600174011944498 0.06904090133672725
5 0.400830028588438 0.6353529606142752 0.029725174011944588 0.06907726400381797
3 0.10337771960222293 0.8490272986553187 0.028089938829583393 0.06593408267027243
5 0.4281919623840283 0.6358160372772298 0.029725174011944588 0.06907726400381797
5 0.05303734707395848 0.1634897879933185 0.0312876740119445 0.06909544533736342
5 0.29589830072118073 0.22318077196054728 0.026600174011944498 0.06904090133672706
5 0.32476818313000017 0.22128191728995655 0.029761541603125073 0.07063976400381797
5 0.35447386692559046 0.22171772195259312 0.02979790919430565 0.07220226400381798
5 0.38414318313000023 0.22059102661522964 0.02965243882958344 0.06595226400381797
5 0.5004948817432293 0.21689276726609402 0.031178571238402952 0.06440794533736352
5 0.862066854957743 0.13922810721677809 0.02645470364722229 0.06279090133672711
5 0.8878662887533334 0.13970936521327826 0.026527438829583617 0.06591590133672712
5 0.8098556172099309 0.41412865722473224 0.02965243882958326 0.06595226400381797