2 0.3440314256394559 0.5064024861970167 0.07117631802583091 0.03255251482874755
3 0.11860891066226811 0.16089769072219057 0.060193353919208284 0.030544345855386856
5 0.6535297607540457 0.7109732169568257 0.07260242570596294 0.027928681824942105
1 0.5700136009497074 0.38841778463759213 0.07122178213245363 0.03411501482874755
2 0.5742130191338229 0.4791064516337865 0.07122178213245363 0.03411501482874755
3 0.7942323509497073 0.3975539985914874 0.0695683539192082 0.03092634783255317
3 0.8735143371596539 0.5209543479069152 0.07113085391920819 0.030990014828747546
3 0.867729686922227 0.4294207639145265 0.0695683539192082 0.030926347832553346
3 0.8661073509497074 0.40048268041642937 0.07117631802583091 0.03255251482874755
5 0.7808588580758433 0.17929874710861257 0.06947742570596276 0.02780134783255326
5 0.7760145822115959 0.093265746614321 0.06947742570596276 0.027801347832553214
5 0.5819024648315384 0.7970115346375921 0.0726933539192082 0.031053681824942104