5 0.4544991704579905 0.5058202914671066 0.027789809252765352 0.07046703610435348
5 0.4857218969190402 0.507564598648699 0.027789809252765352 0.07046703610435365
5 0.7153882573101912 0.733923607331102 0.029325035713814885 0.06891362646343317
5 0.7474467808491416 0.7325474596922341 0.027707988635914303 0.06577953610435365
5 0.7815138636408572 0.660863357232906 0.029270488635914305 0.06578862646343317
5 0.8119826136408573 0.6610406192349585 0.029325035713814885 0.06891362646343317
5 0.20931690422264088 0.27312037919390764 0.027789809252765352 0.07046703610435348
5 0.2381958806836905 0.27485105083688055 0.02781708279171564 0.07202953610435348
5 0.699593076705931 0.20643441158582795 0.030914809252765352 0.0704852168225127
5 0.6975026968363147 0.2814298664062882 0.029461403408566688 0.07672612646343317
5 0.8893550060890799 0.21222639021400153 0.03094208279171582 0.0720477168225127
5 0.9198101193196049 0.21318490221605407 0.02937958279171582 0.07203862646343309
5 0.9707690527632389 0.5166371551429203 0.027789809252765352 0.07046703610435365