5 0.6578125 0.07890625 0.02734375 0.06953125
5 0.63046875 0.07890625 0.02890625 0.06953125
5 0.10546875 0.21640625 0.02890625 0.071875
5 0.13359375 0.290625 0.02734375 0.06796875
5 0.18828125 0.49765625 0.02890625 0.065625
5 0.78515625 0.43125 0.02890625 0.07421875
5 0.97109375 0.50078125 0.03046875 0.071875
5 0.94296875 0.50234375 0.02890625 0.06953125
5 0.84296875 0.43046875 0.03203125 0.071875
5 0.871875 0.43046875 0.02890625 0.06953125
5 0.87109375 0.640625 0.03046875 0.071875
5 0.94296875 0.71171875 0.02890625 0.06953125
5 0.7203125 0.92109375 0.02734375 0.06796875
5 0.74921875 0.921875 0.02734375 0.065625
5 0.45390625 0.9234375 0.02734375 0.065625
5 0.1875 0.85625 0.02734375 0.06953125
5 0.2140625 0.85546875 0.03046875 0.06796875
5 0.03984375 0.92421875 0.02734375 0.065625
5 0.0390625 0.85703125 0.03046875 0.06953125
5 0.6625 0.921875 0.02890625 0.065625
5 0.1625 0.29140625 0.02890625 0.06953125
5 0.87109375 0.503125 0.02890625 0.071875
5 0.84140625 0.503125 0.03046875 0.071875
5 0.96875 0.9203125 0.02578125 0.065625