5 0.8125 0.06484375 0.02890625 0.0703125
5 0.84375 0.06640625 0.02890625 0.0703125
5 0.959375 0.0671875 0.02734375 0.06796875
2 0.871875 0.0671875 0.02734375 0.06796875
5 0.90078125 0.0671875 0.03203125 0.06796875
5 0.5296875 0.0671875 0.02734375 0.0703125
5 0.56015625 0.06796875 0.03046875 0.0703125
5 0.7609375 0.28046875 0.02421875 0.071875
5 0.790625 0.28125 0.02890625 0.0703125
5 0.8484375 0.27734375 0.02734375 0.06796875
5 0.878125 0.27890625 0.02890625 0.06796875
5 0.9078125 0.2796875 0.02734375 0.0703125
5 0.9375 0.27734375 0.03046875 0.071875
5 0.9078125 0.20625 0.02734375 0.071875
5 0.76171875 0.415625 0.03046875 0.071875
5 0.79140625 0.41796875 0.02734375 0.0703125
5 0.9109375 0.41796875 0.02890625 0.0703125
5 0.93984375 0.4171875 0.02890625 0.0703125