4 0.9470986494270865 0.7234177851008443 0.08949885200509052 0.04061013103285873
4 0.8524668547501324 0.644362712960993 0.08795453333863605 0.04211806733052796
4 0.6050202374283593 0.7208433342903869 0.08168635200509052 0.04033731252120454
2 0.6085815894334499 0.7584524616950487 0.08324885200509069 0.04039187622353531
4 0.49563231536440766 0.24612109808538501 0.08633748933799978 0.03737600362819702
4 0.5038299074235868 0.6821677254900467 0.09262385200509068 0.040719258437520445
4 0.20591057542963193 0.7162773083448533 0.0864102146721816 0.0436260036281972
4 0.20700945142422306 0.6764881220471841 0.08793635200509069 0.04055556733052797
4 0.29996911075745036 0.67895341233587 0.10201703333863606 0.04260914065150558
4 0.40543457670272565 0.27967515335019544 0.08793635200509069 0.04055556733052797
4 0.4042902473742708 0.3155580896478646 0.09418635200509069 0.04077382213985139
2 0.4047265993793615 0.35305808964786456 0.0894988520050907 0.04061013103285873
4 0.4053522133593169 0.2054836852013608 0.08793635200509069 0.04055556733052797
4 0.40423515603118043 0.24371037149902994 0.09258748933799979 0.03759425843752044
4 0.2979942466979531 0.24078128974053178 0.0973113520050907 0.0408829495445131
4 0.4113066000954501 0.7172024352013608 0.0894988520050907 0.04061013103285873
4 0.6972077374283593 0.7240625927279074 0.10039998933799979 0.037867076949174815
1 0.6030486574235867 0.685632520588056 0.0816863520050907 0.04033731252120454
2 0.8552560474219959 0.6827258085144893 0.08793635200509087 0.04055556733052797
3 0.8589088534372677 0.7953076540679855 0.08793635200509087 0.04055556733052797
3 0.6895475893936791 0.4684301516209148 0.08789998933799978 0.037430567330527964
3 0.2080372441119948 0.8319295901960186 0.08481135200509068 0.04044643992586607
5 0.29653557542963194 0.7194420030800429 0.09883748933799978 0.03781251324684387
2 0.2089226560311804 0.23688990870767296 0.0910977146721816 0.04378969473518968
2 0.4082788607176795 0.3898859670525262 0.08481135200509068 0.04044643992586616
2 0.8549202400938594 0.7209797766633239 0.08482953333863605 0.042008939925866254
2 0.8553747734324955 0.7600422766633239 0.08791817067154532 0.038993067330527965
2 0.8578372494429949 0.8374405903656548 0.08637385200509087 0.040501003628197196
2 0.6951997947564958 0.6857267790255765 0.10047271467218159 0.04411707694917481
5 0.69451908943345 0.7614534653232458 0.09420453333863606 0.04233632213985139
2 0.8499492873965426 0.49511668110982754 0.09104317067154497 0.0391021947351895
2 0.8487316853914517 0.45758939925866216 0.09420453333863606 0.04233632213985139
2 0.847877162714816 0.38415189925866217 0.0942227146721816 0.04389882213985139
2 0.8427351293761799 0.34492570815166956 0.08953521467218159 0.04373513103285873
4 0.840699367361544 0.23708592630050412 0.0879727146721816 0.04368056733052796
4 0.8419351507001803 0.2761757081516696 0.0879363520050905 0.04055556733052797
2 0.6023555773790433 0.35761664799271775 0.08477498933799979 0.03732143992586625
4 0.5995385653644076 0.2497495842903869 0.08633748933799978 0.03737600362819702
2 0.6011470660407253 0.3208706161415524 0.08791817067154532 0.038993067330527965
2 0.6929623960454979 0.35921884272790744 0.08633748933799978 0.03737600362819702
2 0.6909908160407253 0.32400802902557657 0.09104317067154533 0.03910219473518968
4 0.5936141873408632 0.07617567503455978 0.08789998933799978 0.03743056733052792