5 0.2006912429706867 0.25664481647286763 0.031035984284234264 0.06430233189368781
2 0.22807138027423957 0.25411129935400456 0.03267125889134022 0.06596496144333708
5 0.0025748244427447136 0.4764425840531562 0.005149648885489427 0.07025194324473993
5 0.019209994832713496 0.473909066934293 0.03118153349844601 0.06742733189368763
5 0.03936832940739804 0.6097068645902546 0.02798375889134015 0.06566457279438928
2 0.06742055480029219 0.6094670326965668 0.03118153349844601 0.06742733189368781
5 0.12203097208763447 0.6745122393595419 0.03118153349844599 0.06742733189368781
5 0.1508644474805286 0.6742223426910294 0.03288958271265772 0.07065246144333699
5 0.007122044563653859 0.8809903817091176 0.014244089127307718 0.06576470234403828
2 0.026814709681637638 0.8792381145902546 0.030963209677128446 0.06273983189368763
2 0.19687249855676714 0.8737927436784785 0.031108758891340127 0.06586483189368764
5 0.2834820866461084 0.870579303672941 0.027983758891340214 0.06566457279438893
2 0.31157069934255543 0.8695582217792535 0.027983758891340214 0.06566457279438928
5 0.1694923612532142 0.8763262607973417 0.029400709677128444 0.06263970234403829
5 0.38188319934255543 0.8650523920450339 0.02649403349844608 0.06712694324473993