6 0.5921065274470931 0.7052946152558244 0.32484688730530314 0.05408312256272048
6 0.2370566292547303 0.9013381777582958 0.36004024122451134 0.08280814041962792
6 0.23717263803021896 0.8248165880667214 0.3565060642649073 0.06869109334172734
6 0.247740413498755 0.7586285263783241 0.3422162437317938 0.0606331314911742
6 0.25389347360702713 0.7017336440730759 0.33320495658477534 0.0729694902574721
6 0.5727892599626229 0.3902735872526472 0.28707410266556704 0.04405355762791228
6 0.17570497446495695 0.5371705377424097 0.13091503087881237 0.04445120373287814
6 0.26980065228249084 0.38967002069628126 0.2967673514119258 0.05515469886161428
6 0.5626998914619381 0.17770540340527136 0.24966503087881228 0.046523992693104074
6 0.5624354670096166 0.14178154017474653 0.2417161385589443 0.041700124998352364
6 0.5629295605039836 0.10509006371369689 0.25113660266556687 0.04342626623205437
6 0.5548071719450391 0.06746733278842035 0.2555967821324536 0.03569558684890541
6 0.5710245199917527 0.3027872240221224 0.25113660266556703 0.04342626623205437
6 0.18210207548117135 0.43499042897611184 0.1373923514119258 0.052372797888679656
6 0.5984989314454436 0.7639701858726754 0.34069920783841656 0.06216835795222373
6 0.6035334239235962 0.8296497329505762 0.34382420783841655 0.06222290503012431
6 0.6070054164017489 0.8953020064895265 0.35177310015828456 0.06704677272487629