2 0.4065565372005583 0.10752813381969631 0.07573034034363299 0.0480272472985769
2 0.2500509096563669 0.05844734976000363 0.07400406603337348 0.04481124203690508
2 0.9427430206922149 0.14894469120397646 0.07087906603337331 0.04462923151356133
2 0.9443364981909778 0.10358668857314053 0.07087906603337331 0.04462923151356137
2 0.4838693097017955 0.1574819021649606 0.07885534034363299 0.048209257821920606
2 0.6391942175491401 0.25899744148632514 0.07408595318850324 0.04637374203690507
2 0.7157567175491402 0.2634566993082458 0.07408595318850324 0.04637374203690499
5 0.7971096161242306 0.17650970713016634 0.07244156603337366 0.0447202367752332
5 0.7190255597017955 0.1711781940465739 0.072605340343633 0.047845236775233245
2 0.7075746460886997 0.4494852045699176 0.07416784034363318 0.04793624203690498
2 0.3161174864323327 0.38280187862861165 0.0727691146538925 0.05097023677523325
2 0.1601463681603955 0.517906378769786 0.07260534034363304 0.047845236775233245
5 0.16268486996941783 0.469468878769786 0.07260534034363304 0.047845236775233245
5 0.549639315356005 0.4426374231410608 0.07556656603337367 0.044902247298576906
2 0.6269930314348071 0.4918099414863251 0.07104284034363299 0.04775423151356151
5 0.3950237364323327 0.38739764434303997 0.07564845318850333 0.0464647472985769
5 0.8599903171650272 0.41212795969041516 0.07104284034363317 0.04775423151356133
5 0.23600950531552528 0.5207576339608707 0.074167840343633 0.04793624203690498
6 0.5085373597926525 0.32975101529090534 0.933447665083434 0.1556196254330784