2 0.3625 0.1703125 0.046875 0.0953125
2 0.03203125 0.49765625 0.03828125 0.0953125
3 0.1265625 0.28984375 0.040625 0.09921875
3 0.3546875 0.378125 0.04765625 0.09921875
3 0.88125 0.4875 0.04921875 0.10703125
2 0.934375 0.4875 0.0484375 0.11328125
3 0.5671875 0.15859375 0.04765625 0.09765625
3 0.51328125 0.1609375 0.0453125 0.10234375
3 0.5125 0.2671875 0.046875 0.09921875
3 0.46015625 0.26796875 0.05234375 0.1
5 0.30703125 0.3828125 0.0484375 0.096875
5 0.12109375 0.39375 0.040625 0.09453125
2 0.9328125 0.0484375 0.05078125 0.0953125