4 0.8730218051384888 0.6596477017979073 0.09398634933607006 0.046085315700310936
2 0.8727990913410384 0.6979289517979074 0.09399543969514994 0.04764781570031094
4 0.8748080606976337 0.35261645179790735 0.09394998789975162 0.03983531570031094
4 0.7810580606976337 0.34715613609759643 0.09086134933607007 0.04590330517696728
3 0.6762871848233758 0.7583827914580903 0.08613748789975162 0.039380289391951706
3 0.5834724500468822 0.8608259810194511 0.09394998789975162 0.03983531570031076
3 0.5848945703619953 0.7507152336502871 0.09084316861791084 0.04277830517696728
4 0.6732429562933981 0.9966218194348034 0.08769998789975161 0.0067563611303931735
2 0.3288961178792261 0.28956011284359606 0.09395907825883114 0.04139781570031094
2 0.3317984040817755 0.32802337336693976 0.0939318071815924 0.036710315700310935
2 0.22165578962039492 0.3192637524190744 0.09238748789975162 0.03974431043863911
2 0.13409566052468316 0.5931647130271227 0.09396816861791084 0.04296031570031093
4 0.13153828708631216 0.6297469551346149 0.09552157825883123 0.04148882096198285