5 0.7612375010114902 0.6930454853222008 0.03030754809323426 0.06380994292790554
2 0.7338664691603249 0.6951002909465533 0.03192461179556503 0.06544521753501123
5 0.9676859415703287 0.476735472916204 0.025838302902557685 0.06984161910658777
5 0.9403149097191633 0.47879027854055656 0.030416675497895795 0.06693494292790554
5 0.9185540155242787 0.34252744686135606 0.02723711179556503 0.06522689371369372
2 0.8904835792266095 0.34227488978926146 0.030416675497895795 0.06693494292790536
5 0.8350718821291672 0.27621755025217826 0.030416675497895795 0.06693494292790536
5 0.806220195831498 0.2760013804836366 0.03208830290255769 0.07013271753501131
5 0.9553100041763513 0.07172264123700356 0.028799611795565026 0.06529966832079959
2 0.9279662541763513 0.07299619686135607 0.030252984390903494 0.062247442927905426
2 0.7578447271345092 0.07545987903589452 0.030362111795565028 0.06537244292790542
5 0.6712078226880055 0.0771551197302696 0.02723711179556503 0.06522689371369372
2 0.643110104539171 0.07768381265817503 0.02723711179556503 0.06522689371369372
5 0.7852157589856746 0.07340507341154201 0.028690484390903315 0.062174668320799584
5 0.572797604539171 0.08095866997793862 0.025729175497895794 0.06671661910658785
5 0.9748883502780018 0.27048547291620395 0.030416675497895795 0.06693494292790544