6 0.571875 0.6953125 0.3234375 0.0484375
6 0.2109375 0.89765625 0.3578125 0.0765625
6 0.21328125 0.82109375 0.3546875 0.0625
6 0.22578125 0.7546875 0.340625 0.0546875
6 0.23359375 0.69765625 0.33125 0.0671875
6 0.56171875 0.38046875 0.2859375 0.0390625
6 0.16015625 0.534375 0.1296875 0.0421875
6 0.25859375 0.38515625 0.2953125 0.05
6 0.5578125 0.16796875 0.2484375 0.0421875
6 0.55859375 0.13203125 0.240625 0.0375
6 0.56015625 0.0953125 0.25 0.0390625
6 0.553125 0.0578125 0.2546875 0.03125
6 0.5625 0.29296875 0.25 0.0390625
6 0.16953125 0.43203125 0.1359375 0.05
6 0.5765625 0.75390625 0.3390625 0.05625
6 0.5796875 0.81953125 0.3421875 0.05625
6 0.58125 0.88515625 0.35 0.0609375