5 0.2723911891888974 0.9250754620464525 0.03333456348717299 0.06907726400381797
5 0.2997349391888974 0.9253936353834977 0.03333456348717299 0.06907726400381797
5 0.8351540661632434 0.7940025634547672 0.0335713618274994 0.07220226400381798
5 0.8126530267459872 0.7194565494509492 0.03333456348717299 0.06907726400381797
5 0.7736534167925878 0.5117889527768587 0.033097765146846925 0.06595226400381797
5 0.17174645206065928 0.5712499333624986 0.03380816016782515 0.07532726400381798
5 0.004712948023331697 0.4995551046705907 0.009425896046663393 0.07223862667090888
5 0.019321114303076863 0.4983198686744087 0.03333456348717305 0.06907726400381797
5 0.11387475247557777 0.5713584740213171 0.036696361827499094 0.07223862667090905
5 0.08496850247557776 0.5710221193507264 0.03333456348717305 0.06907726400381797
5 0.1016744408625045 0.3608749600174992 0.036696361827499135 0.07223862667090888
5 0.035186603104922075 0.2889448686744087 0.03333456348717305 0.06907726400381797
5 0.2737083419067673 0.08216070870463461 0.03333456348717299 0.06907726400381801
5 0.2448612914918488 0.08104310403404388 0.033097765146847015 0.06595226400381801
5 0.5402921906620118 0.08291687607413295 0.033097765146846925 0.065952264003818
5 0.801607276345002 0.1532042934436313 0.03333456348717334 0.06907726400381801
5 0.7749855767599202 0.15367646077335873 0.03645956348717298 0.06911362667090888
5 0.9544138902470933 0.08695367946367583 0.033097765146846925 0.06595226400381801
5 0.9501039759300834 0.15415027013044855 0.036459563487173344 0.06911362667090888
5 0.3315800414918488 0.08205216804581608 0.033097765146847015 0.06595226400381801
5 0.7838059763310687 0.7183389447803584 0.03333456348717299 0.06907726400381797
5 0.09125531388815837 0.4983749600174992 0.03357136182749909 0.07220226400381798
5 0.12094281388815838 0.4987204053548626 0.036696361827499094 0.07223862667090888
5 0.025211642321685778 0.0800511266709089 0.029972765146847002 0.06591590133672712