5 0.9671875 0.0984375 0.0234375 0.06875
5 0.5828125 0.30859375 0.028125 0.06640625
5 0.1875 0.24609375 0.0265625 0.06640625
5 0.275 0.31640625 0.025 0.06640625
5 0.21953125 0.4546875 0.0265625 0.06640625
5 0.24765625 0.4546875 0.025 0.06640625
2 0.2484375 0.52421875 0.0265625 0.06875
5 0.4640625 0.4484375 0.0265625 0.071875
5 0.5828125 0.51640625 0.0265625 0.06640625
5 0.6125 0.51640625 0.028125 0.06640625
5 0.64140625 0.51484375 0.0265625 0.06640625
5 0.671875 0.51484375 0.0265625 0.06875
5 0.13359375 0.7328125 0.028125 0.0640625
5 0.2203125 0.7296875 0.0265625 0.06640625
5 0.24765625 0.728125 0.0265625 0.0625
2 0.6453125 0.86640625 0.028125 0.06640625
5 0.278125 0.728125 0.028125 0.06640625
5 0.46640625 0.6609375 0.028125 0.06640625
5 0.52578125 0.728125 0.028125 0.0640625
5 0.55546875 0.728125 0.0265625 0.0640625
5 0.58359375 0.72734375 0.028125 0.06640625