2 0.05318343755810347 0.84765625 0.07414012902925918 0.04375
2 0.05507741969764042 0.79921875 0.07740183006601842 0.0453125
2 0.4023023171530105 0.65234375 0.08208933006601846 0.0453125
2 0.31898196922652905 0.64921875 0.08222603110277768 0.046875
5 0.7889651126758814 0.88515625 0.07244092799249983 0.0421875
2 0.7915719942970387 0.8375 0.07597603110277759 0.046875
4 0.6384367238446774 0.79296875 0.08039012902925916 0.04375
2 0.5573815049474551 0.74609375 0.07414012902925915 0.04375
2 0.4613773549001869 0.896875 0.08208933006601846 0.0453125
2 0.33929234363763977 0.46171875 0.0785542269557407 0.040625
6 0.4901823174358344 0.5765625 0.8875573715363887 0.1078125
2 0.7340389156451399 0.50390625 0.07910103110277777 0.046875
2 0.42464337474041747 0.41484375 0.0738667269557407 0.040625
5 0.49887239519277865 0.459375 0.07257762902925916 0.04375
5 0.817465153251297 0.371875 0.0707417269557407 0.040625
5 0.6567635161635195 0.503125 0.07882762902925915 0.04375
5 0.8894871247404176 0.41484375 0.07203082488222208 0.0375
5 0.6255868263893074 0.93984375 0.0791010311027776 0.046875
5 0.3102331028739366 0.74921875 0.07896433006601847 0.0453125
5 0.22650265183717738 0.75078125 0.08052683006601846 0.0453125
5 0.17354091305324174 0.5078125 0.07767523213953695 0.0484375
2 0.8895452048064358 0.36953125 0.07189412384546294 0.0359375
5 0.1251767232790296 0.94453125 0.07896433006601847 0.0453125