5 0.04140625 0.353125 0.0265625 0.06640625
5 0.0703125 0.35234375 0.028125 0.06875
5 0.30078125 0.41796875 0.0265625 0.06875
5 0.303125 0.63125 0.0265625 0.0640625
5 0.33125 0.63203125 0.03125 0.06875
2 0.38984375 0.56171875 0.028125 0.06875
5 0.41796875 0.56328125 0.0296875 0.06875
5 0.50234375 0.41484375 0.025 0.06875
5 0.83671875 0.14375 0.028125 0.06875
5 0.86484375 0.146875 0.025 0.0625
5 0.8078125 0.41796875 0.0265625 0.0703125
5 0.8359375 0.41796875 0.025 0.06875
5 0.3296875 0.4171875 0.028125 0.06875
5 0.56328125 0.415625 0.0265625 0.06640625
5 0.58984375 0.4171875 0.0265625 0.06640625
5 0.9765625 0.4203125 0.028125 0.06640625
5 0.78046875 0.2140625 0.025 0.06875
5 0.709375 0.14375 0.028125 0.0703125
5 0.92109375 0.21796875 0.025 0.06640625
5 0.94921875 0.2203125 0.0296875 0.06875