5 0.46328125 0.503125 0.0265625 0.0703125
5 0.49453125 0.5046875 0.0265625 0.0703125
5 0.728125 0.7296875 0.028125 0.06875
5 0.76015625 0.728125 0.0265625 0.06640625
5 0.79296875 0.65625 0.028125 0.06640625
5 0.8234375 0.65625 0.028125 0.06875
5 0.2140625 0.271875 0.0265625 0.0703125
5 0.24296875 0.2734375 0.0265625 0.071875
5 0.703125 0.20234375 0.0296875 0.0703125
5 0.70234375 0.27734375 0.028125 0.0765625
5 0.89296875 0.20703125 0.0296875 0.071875
5 0.9234375 0.2078125 0.028125 0.071875
5 0.9796875 0.5109375 0.0265625 0.0703125