5 0.06776057075477873 0.9762084968767422 0.06577044574527388 0.025381795081344194
5 0.06634806167959242 0.9504181565176625 0.0689045361043535 0.026962475799503238
5 0.2667268742239379 0.4835993369412341 0.06890453610435347 0.026962475799503238
5 0.4741570582617468 0.6848128998783631 0.06890453610435347 0.026962475799503238
5 0.47354397990471975 0.6559021046988232 0.0720477168225127 0.030105656517662283
5 0.4044980223537851 0.8406629240788599 0.06890453610435347 0.026962475799503238
5 0.405615615639731 0.7828549692583996 0.06576135538619425 0.02381929508134384
5 0.4728031156397309 0.7832458546988231 0.06890453610435365 0.026962475799503238
5 0.4057701517440845 0.7562924692583997 0.06578862646343317 0.02850679508134384
5 0.47373890174408445 0.756687899878363 0.07046703610435348 0.02697156615858276
5 0.26610925068737107 0.4554697917616942 0.06577953610435347 0.026944295081344015
5 0.6112389017440845 0.7574878514773694 0.06578862646343317 0.028506795081344016
5 0.612770106368153 0.6285861466569092 0.06577953610435365 0.026944295081343838
5 0.6804070582617469 0.6860128272768725 0.06421703610435348 0.026935204722264315
5 0.6835962116561513 0.540713962815492 0.06422612646343318 0.028497704722264317
5 0.8852536395456401 0.6598599143163024 0.0610920361043533 0.026917024004105096
5 0.8878297145830174 0.4856502546753821 0.06420794574527378 0.025372704722264317
5 0.8900649011549092 0.37003434503446175 0.06420794574527378 0.025372704722264317
5 0.8783758838882996 0.9020155980595238 0.0642170361043533 0.026935204722264315
5 0.8808787151721926 0.8746854835981432 0.06266362646343282 0.028488614363184794
5 0.8861939708295334 0.6325207094958423 0.0642352168225127 0.030060204722264318
5 0.8879842506873711 0.4590877546753821 0.0642170361043533 0.026935204722264315
5 0.8780349954228137 0.9606093480595238 0.06421703610435366 0.026935204722264315
2 0.8917819372592628 0.34348093539354135 0.06578862646343282 0.028506795081343926
2 0.684527452580965 0.5149372579950319 0.06890453610435347 0.026962475799503238
5 0.612933732831586 0.6004611466569092 0.06891362646343317 0.02852497579950324