5 0.09765625 0.11796875 0.0265625 0.06640625
5 0.06953125 0.11796875 0.0265625 0.06640625
5 0.01484375 0.1890625 0.025 0.06640625
5 0.1546875 0.1875 0.0265625 0.06875
5 0.1828125 0.18828125 0.028125 0.06875
5 0.0390625 0.38984375 0.0265625 0.06640625
5 0.06640625 0.39140625 0.028125 0.06640625
5 0.209375 0.3921875 0.028125 0.06640625
2 0.2375 0.39375 0.0296875 0.06875
5 0.32421875 0.3921875 0.025 0.0640625
2 0.35234375 0.3921875 0.028125 0.06875
5 0.77109375 0.52734375 0.0265625 0.0640625
5 0.6546875 0.73359375 0.0265625 0.0625
5 0.684375 0.73359375 0.0265625 0.0625