5 0.8948146172558843 0.5473550247501757 0.0717864687923356 0.02935230925276535
5 0.8979739167809146 0.5169135482891261 0.07351274310259512 0.03250458279171564
5 0.7180130156038322 0.026608327917156387 0.0716226944820761 0.026227309252765296
5 0.5538255263464243 0.38422813879477474 0.0717864687923356 0.02935230925276535
5 0.49112520974722396 0.2228309427725343 0.07647396879233562 0.02943412986961631
5 0.4950657592722541 0.19240310308095981 0.07334896879233561 0.029379582791715642
5 0.557718488241355 0.3248667755642499 0.07334896879233561 0.029379582791715642
5 0.4866656818189199 0.3228445795420095 0.07022396879233561 0.029325035713814885
5 0.48575495703369054 0.29545991923358395 0.07022396879233561 0.02932503571381497
5 0.5592743441888203 0.29517927556424994 0.07038774310259513 0.032450035713814974
5 0.44931185097468357 0.9759150324641087 0.0717864687923356 0.02935230925276535
5 0.09059527024198896 0.9719995052750058 0.06709896879233553 0.029270488635914305
5 0.09132893261188937 0.9430796185055307 0.07022396879233554 0.029325035713814885
5 0.34681528776638515 0.2906888242670037 0.07178646879233552 0.02935230925276535
5 0.2787889840574835 0.21599674147528808 0.06709896879233553 0.029270488635914305
5 0.3537347523748492 0.1586575742670037 0.07038774310259513 0.032450035713814974
5 0.35537249547744426 0.12740757426700372 0.07195024310259504 0.032477309252765305
5 0.29031073948455044 0.07075242532266393 0.07195024310259504 0.032477309252765305
5 0.28944095827688593 0.04258651501423841 0.07178646879233552 0.029352309252765295
5 0.06932545284981903 0.18418981371699217 0.07022396879233553 0.02932503571381497
5 0.07392442164215457 0.15611936079489283 0.07022396879233554 0.02932503571381497
5 0.0553194272963641 0.43651992694751696 0.07178646879233552 0.02935230925276535
5 0.05609403324382939 0.40681879017804184 0.07038774310259503 0.032450035713814884
5 0.04982302182386866 0.49663526663909147 0.07195024310259504 0.03247730925276535
5 0.03823266734674141 0.7028716298696163 0.07162269448207603 0.02622730925276535
5 0.042050386139076947 0.6747875401780419 0.06709896879233553 0.029270488635914305