6 0.56015625 0.14609375 0.18359375 0.03515625
6 0.55234375 0.10625 0.08203125 0.03671875
6 0.171875 0.39140625 0.178125 0.03828125
6 0.13125 0.4296875 0.08359375 0.040625
6 0.87578125 0.27890625 0.096875 0.04296875
6 0.575 0.51640625 0.15390625 0.04140625
6 0.33359375 0.59921875 0.15234375 0.03828125
6 0.375 0.84296875 0.23359375 0.04375
6 0.33984375 0.96484375 0.0984375 0.04375
6 0.3984375 0.925 0.14296875 0.04296875
6 0.38203125 0.6421875 0.1703125 0.03671875
6 0.7078125 0.3953125 0.071875 0.040625
6 0.71875 0.35390625 0.053125 0.03671875
6 0.359375 0.7609375 0.19921875 0.03515625
6 0.3734375 0.7234375 0.19140625 0.0453125
6 0.30078125 0.8 0.03828125 0.0390625
6 0.46328125 0.809375 0.11171875 0.0390625
6 0.3546875 0.88359375 0.17265625 0.03671875
6 0.65625 0.10625 0.1109375 0.03828125
6 0.78125 0.27578125 0.0796875 0.040625
6 0.79609375 0.35625 0.0703125 0.03671875
6 0.2421875 0.4328125 0.0984375 0.0390625
6 0.475 0.51796875 0.03125 0.034375
6 0.4734375 0.60078125 0.0921875 0.0390625
6 0.615625 0.60078125 0.17421875 0.040625
6 0.53984375 0.64375 0.1234375 0.0390625
6 0.684375 0.64375 0.134375 0.0453125
6 0.8046875 0.64453125 0.08828125 0.03828125
6 0.2734375 0.67890625 0.02890625 0.034375
6 0.328125 0.678125 0.06171875 0.04140625
6 0.13671875 0.8328125 0.09296875 0.04296875
6 0.21640625 0.83515625 0.0484375 0.040625
6 0.51796875 0.890625 0.1421875 0.03515625
6 0.28359375 0.91796875 0.05 0.04375
6 0.4421875 0.9671875 0.071875 0.040625
6 0.6453125 0.8890625 0.06796875 0.034375
6 0.82578125 0.846875 0.03828125 0.04375
6 0.36171875 0.8046875 0.0703125 0.04140625
6 0.60859375 0.809375 0.140625 0.0390625