2 0.87265625 0.84765625 0.0703125 0.04453125
2 0.875 0.79921875 0.07265625 0.0453125
2 0.540625 0.65234375 0.078125 0.0453125
2 0.62421875 0.64921875 0.07734375 0.04609375
5 0.13359375 0.88515625 0.06953125 0.0421875
2 0.13515625 0.8375 0.07265625 0.046875
4 0.2921875 0.79296875 0.0765625 0.04453125
2 0.37734375 0.74609375 0.0703125 0.04453125
2 0.46015625 0.896875 0.07734375 0.0453125
2 0.6203125 0.46171875 0.07578125 0.040625
6 0.459375 0.5765625 0.878125 0.1078125
2 0.221875 0.50390625 0.075 0.04609375
2 0.5390625 0.41484375 0.0703125 0.040625
5 0.4609375 0.459375 0.06953125 0.04296875
5 0.15 0.371875 0.0671875 0.040625
5 0.29921875 0.503125 0.075 0.04296875
5 0.07421875 0.41484375 0.06796875 0.03828125
5 0.2921875 0.93984375 0.07421875 0.04765625
5 0.62421875 0.74921875 0.075 0.0453125
5 0.7078125 0.75078125 0.0765625 0.0453125
5 0.78203125 0.5078125 0.0734375 0.0484375
2 0.078125 0.36953125 0.06953125 0.0359375
5 0.7921875 0.94453125 0.075 0.0453125