5 0.4606347712842296 0.36442313182618624 0.14411362667090888 0.03208631303532483
5 0.3114518366088663 0.4276220477136226 0.1409886266709089 0.03206813231716552
5 0.4583535612667303 0.4933248366466465 0.14097044533736353 0.03050563231716552
5 0.4591797172581399 0.556615177005726 0.14414998933799977 0.03521131303532492
2 0.45688996391632203 0.6191060866466465 0.1472749893379998 0.03522949375348396
5 0.4499036199077315 0.6823509752103281 0.14411362667090888 0.03208631303532492
2 0.3101411385662319 0.741698183252242 0.1409886266709089 0.03206813231716552
5 0.3082422838956411 0.7705953428931623 0.1409340826702726 0.02738063231716552
5 0.30408094788355083 0.8596396621750031 0.14409544533736351 0.03052381303532492
5 0.2984116558720968 0.9439873910977642 0.13473862667090888 0.03203177088084743
5 0.4443605025461874 0.8901452944921686 0.12997840133672725 0.025754499803608156