5 0.0765625 0.03214088534372679 0.06875 0.02892497867599957
5 0.0765625 0.0602658853437268 0.06875 0.02892497867599957
2 0.07578125 0.08916304467695409 0.06875 0.03204997867599957
5 0.078125 0.11731531667727224 0.06875 0.02579997867599957
5 0.07421875 0.17820736334340864 0.06875 0.02579997867599957
5 0.07421875 0.2063323633434086 0.06875 0.02892497867599957
5 0.21484375 0.11968743336249865 0.06875 0.02892497867599957
5 0.28828125 0.06507320603913455 0.06875 0.02892497867599957
5 0.2875 0.09475161537236185 0.06875 0.03204997867599957
5 0.28671875 0.12208627470558912 0.06875 0.02892497867599957
5 0.28515625 0.15175559337204367 0.06875 0.03204997867599957
5 0.071875 0.42661759134309046 0.06875 0.02892497867599957
5 0.2078125 0.5805431173615442 0.071875 0.028961341343090474
5 0.28046875 0.6110760493714074 0.06875 0.02892497867599957
5 0.28046875 0.6415447993714073 0.06875 0.03204997867599957
5 0.41953125 0.4650379380569519 0.06875 0.02892497867599957
5 0.4203125 0.4939532787237247 0.06875 0.02892497867599957
5 0.49296875 0.6752674607335878 0.06875 0.03204997867599957
5 0.49765625 0.20969700473422415 0.06875 0.02892497867599957
5 0.49609375 0.23858507340067875 0.071875 0.028961341343090474
5 0.425 0.11744532272436099 0.075 0.03212270401018138
5 0.425 0.14713282272436098 0.06875 0.02579997867599957
5 0.85390625 0.6818110987825856 0.065625 0.030451116008908662
5 0.85546875 0.7115167801161311 0.06875 0.030487478675999567
5 0.85859375 0.5318656427832219 0.065625 0.03201361600890866
5 0.85703125 0.5005974614496764 0.06875 0.02892497867599957
5 0.92578125 0.5021786901256761 0.06875 0.02892497867599957
5 0.92734375 0.5311031214592214 0.071875 0.03208634134309048
5 0.91484375 0.945020170790858 0.065625 0.028888616008908484