6 0.4466481757643977 0.1409757046069573 0.1859760413563288 0.036520397358362454
6 0.45260492328319835 0.10104104793923008 0.08299659057054072 0.038445429344363104
6 0.8463550390800172 0.3817701432209143 0.17987159057054072 0.03957267202418073
6 0.8887630169541108 0.41957867854873265 0.08626713978475245 0.0416067920114541
6 0.13720901736839555 0.27746083398313715 0.098912688998964 0.04487724267981754
6 0.44905200764848585 0.511460927275639 0.15501713978475226 0.042406770687453486
6 0.6943153118250963 0.5914644112428677 0.15487159057054053 0.039281770687453664
6 0.6642619005336101 0.835696216581822 0.23641268899896417 0.04647720003181668
6 0.7050945698878669 0.9571621365770497 0.10047518899896399 0.044895424013363085
6 0.6446450674066676 0.9180001865850038 0.145787688998964 0.04542268268618095
6 0.6478791135205074 0.6349967825827767 0.17205909057054053 0.03948176535645338
6 0.3105994755977819 0.39191259062700184 0.07376713978475227 0.04146134134309047
6 0.2977334485094767 0.3506336099618199 0.05487159057054054 0.03811816534054504
6 0.6760662336605525 0.7534831532463676 0.2016010413563288 0.03670221069381689
6 0.660257143090012 0.7161467852482767 0.19273546360606986 0.04753062269254436
6 0.736479348838199 0.7918638532384135 0.039319365177646406 0.03949885200509051
6 0.5744159964808342 0.8031297119271397 0.1143193651776464 0.04037155601527189
6 0.6864665403183624 0.8760848592457313 0.17362159057054055 0.03949994668999892
6 0.34869867328319837 0.10225010662000215 0.11268409057054055 0.038790874681726574
6 0.23159471815418384 0.27323586330363775 0.08157963978475227 0.04155224801081765
6 0.2204988604201355 0.35387733597231946 0.07205909057054054 0.03831816000954502
6 0.7779710661683226 0.4239945532304592 0.1002568651776464 0.04020792401336308
6 0.5491247822555917 0.5118598219287305 0.03285104135632881 0.03473862667090888
6 0.5545443364322022 0.5946541405951852 0.0940068651776464 0.04013519867918127
6 0.4123568364322022 0.5963086419478205 0.17689213978475227 0.042661309357089824
6 0.49013938812761326 0.6383955972708665 0.1252568651776464 0.040498825350090153
6 0.34560813812761326 0.6400773706238201 0.13648546360606986 0.046876094684908234
6 0.2253320254311662 0.6422585833068194 0.08924659057054055 0.038518154678545004
6 0.758183066787495 0.6704519299013681 0.029726041356328992 0.03470226400381797
6 0.7034591794839422 0.6703070265754587 0.06439213978475244 0.04135225334181776
6 0.9020701155874221 0.8227673132161417 0.09578768899896417 0.04484088001272681
6 0.8224917774980808 0.8260383112269594 0.05032963978475209 0.041188621339908596
6 0.5235127760503386 0.8850160586012302 0.14378854135632899 0.036029501352635405
6 0.7591613316746912 0.9096326085694135 0.052037688998963993 0.044331802673454136
6 0.6028599817985257 0.960696763924276 0.07376713978475227 0.04146134134309065
6 0.39609625144323285 0.884935337285184 0.0703510413563289 0.03517497867599957
6 0.21366258705137472 0.844847781309683 0.039537688998963996 0.04418635200509087
6 0.6757601726595166 0.7972604252466857 0.07220463978475226 0.041443160009544934
6 0.4291034964808341 0.8048205759468662 0.14244436517764641 0.04069882001909022