2 0.3248487792144026 0.9258634760573077 0.05147277110331831 0.08524775324641069
3 0.862993661519651 0.9086552418889158 0.04522277110331814 0.08513865909060954
3 0.6849060231286179 0.6452763547124035 0.045222771103318495 0.08513865909060954
5 0.3287184784863492 0.5655299480541307 0.04516822402541774 0.08201365909060954
2 0.638103566556366 0.2920792167251123 0.04511367694751698 0.07888865909060953
5 0.589666066556366 0.29292469643257285 0.04829322402541756 0.08206820616851021
5 0.28574617978689076 0.297448149758414 0.04991027110331832 0.08522047970746058
5 0.7685472228076017 0.10927857914485824 0.04355117694751698 0.07886138555165915
2 0.7241466120127088 0.03293959050564867 0.045059129869616396 0.06587918101129735
5 0.4700960860381265 0.11370657508437318 0.0419341298696164 0.07570911201270887
5 0.3778949492686513 0.11453446388244322 0.04505912986961631 0.07576365909060953
5 0.19688468262955988 0.04188967086173233 0.04495003571381497 0.06951365909060951
3 0.10220915665497754 0.12481699350717826 0.05613299756436803 0.08376707386326192