5 0.09098298198680434 0.47235234305173995 0.07113085391920826 0.03139985731976367
5 0.09030703206594662 0.5027483184446341 0.07278428213245362 0.034597631926869356
5 0.3099378512789118 0.9920591253095863 0.07108538981258557 0.015881749380827516
5 0.4447708747023838 0.6456487177398991 0.07113085391920819 0.03139985731976367
5 0.5205246956312086 0.8091162123632156 0.07581835391920819 0.03161818114108108
5 0.5190674957103509 0.8394758004525567 0.0726933539192082 0.03147263192686935
5 0.4457172607540457 0.7049873304363462 0.0726933539192082 0.03147263192686935
5 0.516833742807357 0.7090798250596626 0.0695683539192082 0.03132708271265781
5 0.5199731146732539 0.7365327369703214 0.0695683539192082 0.031327082712657627
5 0.44658107877987663 0.7346748304363462 0.06965928213245362 0.0344520827126578
5 0.5009547462390763 0.056100374273874376 0.07113085391920819 0.03139985731976358
5 0.8594803000791422 0.07045839660466864 0.06644335391920819 0.03118153349844599
5 0.8611026360516618 0.09940103390822157 0.0695683539192082 0.03132708271265772
5 0.6591038108331879 0.7453534270027428 0.07113085391920819 0.03139985731976367
5 0.733115623844454 0.8221385589296123 0.06648881802583091 0.0327440334984459
5 0.6629455278428045 0.8773846770027427 0.06965928213245362 0.03445208271265763
5 0.6638548099752581 0.9086346770027427 0.07122178213245363 0.034524857319763666
5 0.7334375357603633 0.9672691224118475 0.07122178213245363 0.034524857319763666
5 0.7365996396795715 0.9899016778313122 0.07113085391920819 0.020196644337375603
5 0.9448714777636622 0.8600881308889029 0.0695683539192082 0.031327082712657627
5 0.9425648316828704 0.8880675816746912 0.0695683539192082 0.031327082712657627
5 0.9383102745440993 0.607780768192456 0.07113085391920819 0.03139985731976367
5 0.9399553425699303 0.6375046554960088 0.06965928213245362 0.03445208271265763
5 0.938903656439126 0.5477336801031146 0.07122178213245363 0.034524857319763666
5 0.9336836443649321 0.34152006740666757 0.07103992570596276 0.02827485731976358
5 0.9321582482841404 0.3695359054960088 0.06644335391920819 0.03118153349844599