1 0.29140625 0.64765625 0.04453125 0.096875
1 0.3359375 0.6484375 0.04453125 0.0953125
1 0.38203125 0.64921875 0.03828125 0.09375
1 0.42890625 0.6484375 0.04296875 0.0953125
1 0.51953125 0.64375 0.04296875 0.09140625
1 0.56640625 0.64765625 0.04453125 0.0921875
1 0.61640625 0.64609375 0.04609375 0.08671875
1 0.70390625 0.64765625 0.04296875 0.0921875
7 0.63671875 0.74765625 0.7265625 0.09375
1 0.57109375 0.325 0.04453125 0.09921875
1 0.66328125 0.3234375 0.04453125 0.09921875
1 0.8484375 0.32578125 0.04921875 0.0984375
1 0.94140625 0.3265625 0.04765625 0.09375
1 0.29375 0.3265625 0.04296875 0.096875
1 0.43125 0.4296875 0.05078125 0.096875
1 0.52265625 0.42734375 0.05234375 0.1
1 0.6125 0.425 0.04765625 0.10390625
2 0.70703125 0.42734375 0.04921875 0.096875
2 0.340625 0.428125 0.04453125 0.09375