5 0.71796875 0.0421875 0.02890625 0.06953125
5 0.74609375 0.04296875 0.02734375 0.06796875
5 0.80546875 0.0421875 0.02734375 0.06953125
5 0.83515625 0.04296875 0.02890625 0.06796875
5 0.8640625 0.04296875 0.03046875 0.06796875
5 0.89296875 0.04296875 0.02734375 0.06796875
5 0.71875 0.175 0.02890625 0.07421875
5 0.74765625 0.175 0.03046875 0.06953125
5 0.86796875 0.17578125 0.02890625 0.06953125
5 0.8953125 0.17578125 0.02890625 0.071875
5 0.953125 0.24765625 0.02578125 0.06796875
5 0.98203125 0.24765625 0.02890625 0.06796875