5 0.02682676382262946 0.6169582710352219 0.032932468321116334 0.0707166915859112
5 0.00800193915250925 0.6180890822993023 0.0160038783050185 0.0707166915859112
5 0.04430311296977977 0.40038813006972934 0.032713947033792865 0.0675916915859112
5 0.30654066903807997 0.31907887386554307 0.03293246832111638 0.0707166915859112
5 0.27685316903808005 0.321154826095116 0.032713947033792844 0.0675916915859112
2 0.37772798214374576 0.5240070384641476 0.034604228964778015 0.07238845222957302
2 0.3785092321437458 0.5239524081423168 0.031151447033792846 0.0674824309422494
2 0.5218114818916442 0.5870101469944519 0.0313699683211162 0.07060743094224939
2 0.34876710182191495 0.5268096103718898 0.03605746832111638 0.07093521287323465
5 0.4830485387162492 0.30751367113176703 0.033369510895763274 0.07696669158591121
5 0.45252515839441826 0.3104255036831708 0.034604228964778015 0.07238845222957294
2 0.47802254910780934 0.379388671131767 0.03136996832111638 0.07060743094224949
5 0.44838967942964025 0.38068337336133995 0.034604228964778015 0.07238845222957302
5 0.01757672200428716 0.4045893110119788 0.03136996832111634 0.07060743094224939