5 0.6132964801597695 0.5202079572713407 0.06822231969842588 0.03350972099021767
5 0.6150441993398157 0.4912562046405048 0.07121061866166656 0.03212923151356151
5 0.5946559124875939 0.697369696747997 0.07134731969842587 0.03369173151356151
5 0.59718488166764 0.6684634467479971 0.07121061866166656 0.03212923151356151
2 0.30756672412750136 0.7387557470162283 0.07121061866166656 0.03212923151356133
2 0.39229162158287145 0.5960669890531334 0.06794891762490743 0.030384720990217672
5 0.39410769128129736 0.5663339864222974 0.07121061866166656 0.03212923151356133
5 0.5704322027801856 0.256229486281123 0.06794891762490743 0.030384720990217672
5 0.5729611719602319 0.227323236281123 0.06638641762490742 0.030293715728545757
5 0.35593020537208375 0.23981001280124375 0.06638641762490742 0.030293715728545757
5 0.3575412235153707 0.21242076017040787 0.07121061866166656 0.03212923151356133
5 0.5870119844486112 0.057746483650287096 0.06652311866166656 0.0318562157285458
2 0.43376126239384283 0.157967749576477 0.06652311866166656 0.03185621572854584
5 0.43622188105550946 0.12984274957647698 0.06652311866166656 0.03185621572854584
5 0.5235621624875939 0.6932289573419279 0.07107391762490742 0.030566731513561506
5 0.5269407321860198 0.6635869599727637 0.07290981969842587 0.033782736775233246