5 0.3452504686969887 0.1743634316534123 0.03230655771188111 0.07742336939505616
5 0.3425222835804459 0.2524884316534123 0.03236112141421188 0.07898586939505617
5 0.5372742775899961 0.16336280346436444 0.03214286660488845 0.07273586939505616
5 0.5684697138876653 0.16237438831167372 0.030525802902557686 0.07104582363742162
5 0.09956342414713357 0.4951215681774098 0.0337053666048885 0.07286341515269079
5 0.13075886044480273 0.49413315302471916 0.030634930307219355 0.07417082363742153
5 0.6180406056354792 0.46058887664274406 0.030580366604888453 0.07260832363742153
5 0.35805793730915947 0.6999375165007216 0.0306349303072194 0.07417082363742153
5 0.38769087360682863 0.6990766471056654 0.030580366604888543 0.07260832363742153
5 0.42158721316987513 0.6207444819529747 0.03208830290255769 0.07117336939505617
5 0.4536184631698751 0.6181297939214667 0.03214286660488845 0.07273586939505634