5 0.95625 0.853125 0.02734375 0.0640625
5 0.98515625 0.8484375 0.02890625 0.071875
5 0.9546875 0.9203125 0.03046875 0.06796875
5 0.984375 0.91796875 0.03046875 0.06953125
5 0.9265625 0.41796875 0.02890625 0.06796875
5 0.9546875 0.41796875 0.02734375 0.06796875
5 0.7015625 0.49140625 0.02890625 0.06953125
5 0.671875 0.49140625 0.02734375 0.06796875
5 0.58203125 0.41796875 0.02734375 0.06953125
5 0.6109375 0.41953125 0.03046875 0.06796875
5 0.46015625 0.41953125 0.02890625 0.06953125
5 0.43046875 0.41953125 0.02890625 0.06953125
5 0.61328125 0.278125 0.02890625 0.071875
5 0.5828125 0.278125 0.02734375 0.06953125
5 0.5515625 0.28046875 0.02890625 0.06953125
2 0.52265625 0.28125 0.03046875 0.06953125
5 0.434375 0.2796875 0.02578125 0.06796875
5 0.4625 0.28125 0.02890625 0.071875
5 0.48984375 0.0671875 0.03046875 0.06796875
5 0.5203125 0.06875 0.02890625 0.06796875
5 0.5484375 0.06875 0.03046875 0.06796875
5 0.578125 0.06796875 0.03046875 0.07421875
5 0.63828125 0.0671875 0.03046875 0.065625
5 0.6671875 0.06875 0.02890625 0.06953125
5 0.8875 0.07109375 0.02890625 0.07421875
5 0.20859375 0.06953125 0.02890625 0.06953125
5 0.23828125 0.06875 0.02890625 0.071875