5 0.8265625 0.48203125 0.02734375 0.06796875
5 0.85703125 0.48125 0.03046875 0.0703125
5 0.7390625 0.4109375 0.02890625 0.0703125
5 0.76796875 0.4109375 0.03046875 0.0703125
5 0.58671875 0.41171875 0.02734375 0.0703125
5 0.61796875 0.41171875 0.03046875 0.0703125
5 0.58671875 0.2734375 0.02734375 0.071875
5 0.61640625 0.27265625 0.02734375 0.0703125
5 0.67734375 0.271875 0.03046875 0.071875
5 0.7078125 0.271875 0.03046875 0.0703125
5 0.73828125 0.271875 0.02734375 0.071875
5 0.76640625 0.2703125 0.02890625 0.071875
5 0.73671875 0.19921875 0.03046875 0.0703125
5 0.81875 0.059375 0.02734375 0.06796875
5 0.7890625 0.059375 0.02890625 0.06796875
5 0.64140625 0.0578125 0.03046875 0.071875
5 0.66953125 0.06015625 0.02734375 0.0703125
5 0.7 0.06015625 0.03046875 0.0703125
5 0.72890625 0.059375 0.02890625 0.071875
5 0.35703125 0.06328125 0.02734375 0.06796875
5 0.3859375 0.0625 0.02734375 0.06796875