4 0.9364027676810274 0.2448549488002305 0.09023151609154353 0.04160848997087019
4 0.9344525015894838 0.28389471674691913 0.08855975544788172 0.040000525864247474
4 0.9326114961416021 0.3213719846936078 0.08855975544788137 0.040000525864247474
4 0.9298799800500589 0.3604344846936078 0.08710651609154355 0.041517561757624756
4 0.927366985245839 0.3963719846936078 0.087215776735205 0.04308006175762476
4 0.7809504431753951 0.2602933953558759 0.09480975544788173 0.04018238229073816
4 0.7791094377275135 0.2977706633025646 0.09470049480421991 0.038619882290738164
4 0.7787763019578009 0.3359837171426306 0.09168475544788154 0.040091454077492816
1 0.7752089055444267 0.37585019919594187 0.09168475544788154 0.040091454077492816
2 0.7712426713838685 0.41027066330256456 0.09324725544788173 0.040136918184115446
2 0.694231693175395 0.26281665327343473 0.09168475544788172 0.040091454077492816
5 0.6828521607402068 0.4144018853267461 0.08656021287323483 0.033705061757624756
2 0.5878724325317334 0.2674707125237771 0.09157549480421992 0.038528954077492815
4 0.5806230252225959 0.3822917304704657 0.0930287341605581 0.03701191818411553
2 0.5003724325317334 0.2700167024946472 0.08855975544788172 0.040000525864247474
2 0.2979140680493443 0.3109923581423504 0.09648151609154336 0.04179034639736088
2 0.38815130195780095 0.34734974379830086 0.09659077673520518 0.04335284639736088
2 0.5826825519578009 0.341689462523777 0.09346577673520517 0.04326191818411544
2 0.09696357324512442 0.3527037996834309 0.09659077673520514 0.04335284639736088
2 0.19060431260146266 0.35153845328607003 0.09637225544788164 0.04022784639736088
2 0.18563830715358104 0.38910664944600404 0.09949725544788164 0.04031877461060614