4 0.10598284855475189 0.2871200999237501 0.04460395020978143 0.09462282218833336
5 0.7840468037389108 0.19917922245201453 0.04171574855010753 0.0976750870059722
2 0.5347035348670861 0.5107836439954171 0.04664004689043359 0.10090918977951394
2 0.7422792365267601 0.5124955336224312 0.0450775468904336 0.10087282218833345
2 0.7533961805127642 0.6180370188047922 0.04315984937994451 0.09614895459715278
4 0.9701692834171937 0.6176233639788896 0.04304145020978147 0.09458645459715279
3 0.7899373317575197 0.6165479071975353 0.041597349379944505 0.09611258700597211
4 0.4988918149602875 0.9232823375746531 0.0447223493799445 0.09618532218833309
2 0.5754543149602875 0.9250643495425004 0.04436715186945541 0.09149782218833344
5 0.09492452014444641 0.8101569032103819 0.04304145020978143 0.09458645459715279
2 0.24179952014444642 0.8135754567813545 0.04304145020978147 0.09458645459715279
4 0.742227417864717 0.9234869317988199 0.047728950209781476 0.09469555737069442