5 0.9421466887940764 0.42015640488647443 0.029619033498445902 0.0674824309422494
5 0.9132768260976292 0.41735383297873235 0.031327082712657627 0.0707166915859112
5 0.6797515425991831 0.46686288803862636 0.02976458271265763 0.07060743094224939
5 0.6674740587292336 0.6799802470731338 0.029546258891340216 0.06591993094224939
5 0.6393126714256807 0.6787948054872226 0.03445208271265763 0.07093521287323465
2 0.5839937787454442 0.6043850313499075 0.031327082712657627 0.0707166915859112
5 0.5557960041383383 0.6039808397639963 0.03288958271265763 0.07082595222957302
5 0.4783345918133948 0.4496432650062626 0.028202082712657627 0.07049817029858776
5 0.15658598614626112 0.1551677372626513 0.03132708271265772 0.0707166915859112
5 0.12831543693204941 0.15632604567674008 0.02791098428423431 0.06424817029858776
5 0.17272029259918315 0.43140780917039334 0.02983735731976358 0.0721699309422494
5 0.14459529259918313 0.42944111758448217 0.028202082712657717 0.07049817029858776
5 0.6508816799027362 0.46406031613088433 0.031327082712657627 0.0707166915859112
5 0.417360704509842 0.44616334990345496 0.029619033498445902 0.0674824309422494
5 0.39072542990273607 0.4458684189612054 0.02961903349844599 0.0674824309422494
5 0.009725948718873683 0.42195140965492606 0.019451897437747365 0.0675916915859112
5 0.20956112882649752 0.22941362043447375 0.028202082712657717 0.07049817029858776
5 0.2839297361462611 0.16407247972108271 0.03139985731976358 0.0722791915859112
5 0.06875419230873289 0.22348641250491763 0.02805653349844599 0.06737317029858776
5 0.04052003039807411 0.22386347091900644 0.032889582712657725 0.07082595222957302