5 0.7556829973094036 0.5035536667711991 0.04426373035529281 0.07836134933607006
5 0.6160211838271683 0.5082735039088249 0.05051373035529281 0.07839771077238851
5 0.5747348660017068 0.6788723502198328 0.050659279569504535 0.08152271077238851
5 0.5589191974760194 0.2554121243221338 0.05051373035529281 0.07839771077238851
5 0.41439871773989906 0.4242671843323965 0.05214900496239867 0.0799693011314682
5 0.4209505864322022 0.5984950246914761 0.04753427956950453 0.08150453005422928
5 0.37035127294996684 0.6026967113615637 0.05378427956950462 0.08154089149054791
5 0.30717476095825474 0.2529694221339523 0.05051373035529281 0.07839771077238851
3 0.2556250694780914 0.1696529280858806 0.05051373035529281 0.07839771077238851
3 0.36117736434907693 0.33861603064340445 0.05236732878371626 0.0846568011314682
3 0.5081143686923031 0.17130983509452233 0.047388730355292806 0.07837953005422933
3 0.514302364349077 0.337725175453602 0.047388730355292806 0.07837953005422929
5 0.21342918486062562 0.6059540424490653 0.05392982878371626 0.0846658914905479
5 0.0537523161683225 0.4326170572797882 0.05400260339082215 0.08622839149054773
3 0.05120305086684156 0.3443267169207086 0.0508048287837163 0.0846477107723885
3 0.10180440260503387 0.08849435255752389 0.05378427956950458 0.08154089149054777
3 0.10253645678164432 0.17132503327568313 0.0508048287837163 0.0846477107723885
5 0.6690477921803891 0.6736348834955159 0.047388730355292806 0.07837953005422929