5 0.9296875 0.621875 0.028125 0.06875
5 0.95703125 0.62109375 0.028125 0.06875
5 0.92734375 0.40546875 0.028125 0.06640625
5 0.66953125 0.3421875 0.028125 0.06875
5 0.69921875 0.3421875 0.028125 0.06640625
2 0.58359375 0.553125 0.0296875 0.0703125
2 0.5828125 0.553125 0.0265625 0.06640625
2 0.434375 0.6265625 0.0265625 0.06875
2 0.6125 0.55390625 0.03125 0.06875
5 0.49296875 0.34296875 0.028125 0.07421875
5 0.5234375 0.34375 0.0296875 0.0703125
2 0.49296875 0.41484375 0.0265625 0.06875
5 0.52265625 0.4140625 0.0296875 0.0703125
5 0.95390625 0.4078125 0.0265625 0.06875