5 0.040577985562060534 0.4131893967660682 0.02694429508134395 0.06701708163720568
5 0.3718143500234411 0.43289322365357563 0.02852497579950324 0.07022396879233561
5 0.5460285548439012 0.4428048914505429 0.026944295081343838 0.06701708163720585
2 0.6608632144848217 0.4503860973525796 0.026944295081343838 0.06701708163720568
4 0.49019723224241085 0.23356601028830695 0.026962475799503238 0.07014208163720577
5 0.4038875484009936 0.15870877317860574 0.026962475799503238 0.07014208163720577
5 0.2468562984009936 0.15047911408806566 0.02852497579950324 0.07022396879233553
5 0.31754552742195064 0.2237362296464694 0.026944295081343928 0.06701708163720577
5 0.37654834358053346 0.15649449796383505 0.02539997579950324 0.07006019448207601
5 0.4620767774219507 0.23131079149597142 0.02850679508134384 0.06709896879233553
5 0.6327473048439012 0.4473496285602442 0.026944295081343838 0.06701708163720568
5 0.5186893500234411 0.44059061623577217 0.026935204722264315 0.06545458163720567
5 0.34369389520298094 0.43063800486124004 0.026935204722264315 0.06545458163720586
5 0.12728310002344112 0.4200778838757694 0.028506795081343926 0.06709896879233561
5 0.09759560002344111 0.4185220279283041 0.02694429508134395 0.06701708163720568
5 0.9596809469236243 0.8036493747150569 0.026935204722264315 0.06545458163720567