5 0.11515684650739968 0.07305916332595024 0.028543156517662416 0.07367733189368778
5 0.2596966659856322 0.19655961520856338 0.02854315651766246 0.07367733189368778
5 0.2889432835702707 0.27043840376522627 0.03008747579950315 0.07065246144333708
5 0.3194029432111911 0.2700483775470645 0.030078385440423537 0.06908996144333716
5 0.7854784368664793 0.03193365862403001 0.030087475799503237 0.06386731724806002
5 0.8143755965073997 0.03176367790236146 0.02852497579950324 0.06352735580472292
5 0.9381160608940255 0.37097201111110867 0.02852497579950324 0.07055233189368781
5 0.34554676581268157 0.4745461104282015 0.031686337235821684 0.07700259099298634
5 0.1389382175098838 0.4151570257567364 0.028534066158582762 0.07211483189368781
5 0.16783992233034398 0.4140858790882239 0.031668156517662416 0.07387759099298634
5 0.3411076880448297 0.8348525547526755 0.02852497579950324 0.07055233189368763
5 0.3731298476857501 0.8343623989848643 0.02852497579950324 0.07055233189368763
5 0.16453155250621027 0.8485109438630488 0.028524975799503194 0.07055233189368763
5 0.19266109768575007 0.8459273619693608 0.028506795081343926 0.06742733189368763
5 0.1633639622453265 0.9149672586378733 0.033185204722264314 0.0661652205426357
5 0.1938463477839459 0.9106709824197115 0.028506795081343926 0.06742733189368763
5 0.6102616881430256 0.8824239574381675 0.02852497579950324 0.07055233189368763
5 0.6391724833225654 0.8797903107696552 0.02852497579950324 0.07055233189368763
5 0.8157395285021052 0.8676944216592817 0.03164997579950324 0.07075259099298634
5 0.8751145285021051 0.8638894987726076 0.028488614363184794 0.06430233189368764
5 0.9016724833225653 0.8629685464285691 0.025372704722264317 0.06566457279438928