5 0.9216173947665631 0.0958230404040854 0.07038809471009344 0.032932468321116334
5 0.9199793000564697 0.1239480404040854 0.07038809471009344 0.03293246832111638
2 0.9190769527155405 0.15290892072591628 0.07057010523343692 0.03605746832111634
5 0.9150951080054472 0.18087002976042366 0.0702060841867496 0.02980746832111634
5 0.9154521528002452 0.242080681369578 0.0702060841867496 0.02980746832111638
5 0.9138140580901517 0.270205681369578 0.07038809471009344 0.03293246832111638
5 0.7783308553746113 0.17209097344002183 0.07038809471009326 0.032932468321116334
5 0.708124042163962 0.1114869731879203 0.07038809471009326 0.032932468321116334
5 0.7071761921921969 0.14122910350975118 0.07057010523343692 0.03605746832111634
5 0.7063648501129395 0.16862748383158205 0.07038809471009326 0.032932468321116334
5 0.7061982501411743 0.1984242444752438 0.07057010523343692 0.03605746832111634
5 0.9033260661944211 0.4906820723350706 0.07038809471009344 0.03293246832111638
5 0.7585155531814158 0.6335201463364997 0.07351309471009326 0.03315098960843983
5 0.6841302032096508 0.658127026406229 0.07038809471009326 0.0329324683211162
5 0.6823556006070497 0.688595776406229 0.07057010523343692 0.036057468321116205
5 0.5536677004376405 0.5007465791203345 0.07038809471009326 0.03293246832111638
5 0.5512028530967112 0.5295981987985037 0.07038809471009344 0.0329324683211162
5 0.46803549537361266 0.704986328868233 0.07057010523343692 0.036057468321116205
5 0.49046756335182373 0.23903354693724782 0.07038809471009326 0.03293246832111638
5 0.4903464660108945 0.2680490575809095 0.07351309471009326 0.03315098960843983
5 0.5684476211596269 0.1527079168675185 0.07682010523343692 0.03649451089576328
5 0.5667185211878618 0.18239541686751848 0.0702060841867496 0.02980746832111634
5 0.1069614874811049 0.6820908701823722 0.06735409997176514 0.034276447033792935
5 0.10366988750933977 0.7116691095387104 0.07047909997176513 0.034494968321116384
5 0.11101049260160241 0.5317630882513871 0.06744510523343701 0.03583894703379294
5 0.1143930978350394 0.5006223488950488 0.07038809471009326 0.03293246832111638
5 0.045597595204203464 0.49659613057393237 0.07038809471009329 0.0329324683211162
5 0.04235149786327426 0.5253931199302706 0.07369510523343697 0.03627598960843983
5 0.03218332543764045 0.9403297050795645 0.0643666508752809 0.032713947033792934