5 0.23515625 0.1484375 0.02578125 0.06796875
5 0.26484375 0.1484375 0.03046875 0.065625
5 0.209375 0.359375 0.02578125 0.065625
5 0.0203125 0.43203125 0.02734375 0.065625
5 0.04765625 0.43046875 0.02890625 0.06796875
5 0.26796875 0.36015625 0.02890625 0.06953125
5 0.26875 0.4328125 0.02734375 0.06796875
5 0.296875 0.43203125 0.03046875 0.06953125
5 0.6984375 0.3609375 0.02890625 0.06796875
5 0.72734375 0.3625 0.02890625 0.065625
3 0.38359375 0.15078125 0.02890625 0.065625
5 0.35390625 0.859375 0.02890625 0.065625
5 0.11953125 0.85390625 0.02578125 0.06796875
5 0.14921875 0.85625 0.03046875 0.06953125
5 0.60625 0.7875 0.02734375 0.06953125
5 0.63671875 0.7890625 0.02890625 0.06796875
2 0.66640625 0.7875 0.02734375 0.06796875
5 0.6953125 0.78828125 0.02734375 0.065625
5 0.815625 0.7875 0.02890625 0.0640625