5 0.0171875 0.4171875 0.0265625 0.06875
5 0.24765625 0.4171875 0.0265625 0.0703125
5 0.2765625 0.41796875 0.0296875 0.06875
5 0.49453125 0.4171875 0.0296875 0.06875
5 0.66875 0.41796875 0.0265625 0.0703125
5 0.4671875 0.2140625 0.0265625 0.06640625
5 0.396875 0.1421875 0.028125 0.0703125
5 0.528125 0.1421875 0.0265625 0.06640625
2 0.5546875 0.1421875 0.028125 0.06640625
2 0.640625 0.2140625 0.025 0.0703125
2 0.696875 0.42109375 0.025 0.0703125
2 0.52265625 0.41875 0.0265625 0.06640625
2 0.18984375 0.41796875 0.0265625 0.06875
2 0.10390625 0.559375 0.0265625 0.0640625
2 0.0765625 0.5609375 0.028125 0.06640625
5 0.0203125 0.6296875 0.028125 0.0640625
5 0.78359375 0.42109375 0.0265625 0.06640625
5 0.81171875 0.421875 0.028125 0.06875
5 0.6125 0.2125 0.028125 0.0703125