1 0.29517420383850157 0.6612287142252424 0.04587610226293633 0.09898546360606986
1 0.33970999901804133 0.6640840405277594 0.04586701190385671 0.09742296360606986
1 0.38580829419758117 0.6670121414373822 0.03804542154477701 0.09549659057054054
1 0.4326787490180413 0.6684141296505579 0.044304511903856536 0.097350188998964
1 0.5232764779408026 0.6679475568626976 0.04427724082661797 0.09266268899896399
1 0.5701742038385016 0.6740370450758733 0.04428633118569749 0.094225188998964
1 0.6201651134794219 0.6748033325032607 0.04738406010845857 0.08968323821317573
1 0.7076742038385015 0.6804412105011888 0.04428633118569749 0.094225188998964
7 0.6387572630236042 0.7773119023956369 0.7224854739527915 0.12759019230422375
1 0.5729845446885605 0.35159911889719087 0.044331782981095455 0.102037688998964
1 0.6651629543294808 0.35433032071643644 0.044331782981095455 0.102037688998964
1 0.8503328398681003 0.36529786165848055 0.050572692622015934 0.10076628742738744
1 0.94330613504764 0.37040920078127904 0.04742042154477701 0.09593323821317572
1 0.2956498850476401 0.34024412613590116 0.044313602262936236 0.098912688998964
1 0.4337498487468949 0.44977329156121665 0.050563602262936234 0.09920378742738745
1 0.5251424632082754 0.4516868560769093 0.053706782981095456 0.10247433664159918
1 0.614972577669656 0.4535276459854961 0.04747496369925486 0.10530823821317573
2 0.7095174632082755 0.4602742597154005 0.050563602262936415 0.09920378742738745
2 0.3431157583878153 0.44398986434907695 0.04429542154477702 0.09578768899896399