5 0.46875 0.07734375 0.02890625 0.0703125
5 0.49921875 0.07578125 0.03046875 0.071875
5 0.9859375 0.28125 0.02578125 0.0703125
5 0.62578125 0.4265625 0.02734375 0.0703125
5 0.7859375 0.49765625 0.02734375 0.07421875
5 0.81640625 0.4953125 0.02734375 0.071875
5 0.68515625 0.42578125 0.02734375 0.071875
5 0.6859375 0.496875 0.02890625 0.06796875
5 0.71328125 0.49921875 0.02890625 0.06796875
5 0.71484375 0.42578125 0.03046875 0.06796875
5 0.0328125 0.5 0.02890625 0.0703125
5 0.03046875 0.85859375 0.02734375 0.06640625
5 0.059375 0.859375 0.02734375 0.06796875
5 0.715625 0.63828125 0.02734375 0.0703125
5 0.7890625 0.71015625 0.02890625 0.06640625
5 0.84765625 0.63828125 0.03203125 0.06796875
5 0.87890625 0.63828125 0.03046875 0.0703125
5 0.934375 0.70625 0.03046875 0.0703125
5 0.9625 0.70859375 0.02890625 0.0703125
5 0.8171875 0.92109375 0.02890625 0.06796875
5 0.8453125 0.91796875 0.02890625 0.06796875
5 0.56484375 0.921875 0.02734375 0.0703125
5 0.59453125 0.92265625 0.03046875 0.06796875
5 0.5046875 0.92421875 0.03046875 0.0703125
5 0.2984375 0.925 0.02578125 0.0703125
5 0.3265625 0.92265625 0.02890625 0.06640625