2 0.8185598961082613 0.6519822491826306 0.09613070616851012 0.0485386858759707
2 0.4854477926202644 0.9767371927725342 0.0959670649348082 0.0391636858759707
3 0.6949103417267599 0.8858333234529295 0.10070911201270896 0.042370506492821744
3 0.6106110284135096 0.6561673685022353 0.10081820616851012 0.04862050649282175
3 0.5104272110397742 0.1276957207757115 0.10712275324641088 0.05185460064862313
2 0.5113545113640857 0.07457072077571152 0.11334547970746059 0.05040119480442447
3 0.8338514797107559 0.4474993007247582 0.09769320616851011 0.048565959414921166
3 0.830566792616969 0.5013646404163327 0.10391593262955964 0.047112553570722325
3 0.7243031558474939 0.5002912897677094 0.10081820616851012 0.04862050649282175
3 0.7226082422926575 0.5526214029982344 0.10092730032431163 0.05487050649282175
5 0.6050916854755242 0.7037417978853844 0.09772047970746059 0.05012845941492117
5 0.5909086343404338 0.889488383112732 0.09445911201270896 0.04226141233702023
2 0.9503897378251353 0.08379708522075704 0.0961852532464107 0.05166368587597074