6 0.5700923487825855 0.8310816318643106 0.1847749893379998 0.04188770555093839
6 0.5627434727879944 0.8712437168452827 0.0816863520050907 0.04081068380210837
6 0.17895662941595075 0.601590380418617 0.1785795333386361 0.04632053756616052
6 0.13788618674408734 0.5649644723196711 0.08328521467218156 0.04399935079830275
6 0.8841719354312229 0.6854083986330435 0.09738407733927232 0.04769735376405215
6 0.5806271227323151 0.4601642954004639 0.15359771467218158 0.04686436562705047
6 0.33825726205440654 0.38718834631249743 0.1535613520050907 0.043739365627050296
6 0.3768272240213172 0.14175117091334605 0.2348840773392725 0.05330004942915871
6 0.34025283000477247 0.02259459435392159 0.0989465773392725 0.04518918870784318
6 0.39931020401018136 0.05876491597043017 0.1426965773392724 0.04954369665368963
6 0.38619477538190683 0.3422459194304713 0.17074885200509068 0.04443970258518863
6 0.7148486760820871 0.5758463507239406 0.0723477146721816 0.043553681824942105
6 0.7262679814210414 0.6168069317505799 0.05356135200509069 0.03966467787060921
6 0.362156744032453 0.22441909087528994 0.2003999893379998 0.04252437551288217
6 0.3766555960375437 0.26134608790954045 0.19271475867281787 0.0531435405319101
6 0.3031084606938169 0.18774410323257965 0.037954533338636146 0.04059050790866543
6 0.46549937269254427 0.17174773562836293 0.11295453333863606 0.0436465237259962
6 0.35604200934913566 0.10195384186387313 0.17231135200509068 0.044503369581383054
6 0.6666497227879944 0.8670098615983555 0.11137385200509069 0.042020356729801735
6 0.7896770480983136 0.6923852519028042 0.0801602146721816 0.043872016805913815
6 0.8035844594207233 0.6113116654389575 0.07074885200509087 0.04036501482874755
6 0.24878732407699644 0.5573191155898692 0.09889203333863614 0.04307352076024671
6 0.48060894139876975 0.46267648315690496 0.031649989337999784 0.03564833992388792
6 0.4780828307208612 0.37992765015309937 0.09264203333863605 0.04281885277546911
6 0.6202703307208612 0.37413395349940975 0.1754727146721816 0.04775570357377186
6 0.5439890940483615 0.33425305281483775 0.12389203333863605 0.044092192699356936
6 0.6885203440483615 0.32836385566685655 0.13490225867281785 0.05078786167271767
6 0.8088237533815887 0.32268024695988834 0.0879363520050905 0.04106535178688588
6 0.2771737640435889 0.30995202566598146 0.030087489337999783 0.03558467292769345
6 0.3318703547103616 0.3085049307991778 0.0629727146721816 0.04317167984777566
6 0.13866415268936258 0.16161663783299074 0.09425907733927245 0.04757001977166349
6 0.21832438068904442 0.15602587102707677 0.048910214672181596 0.04259867688202616
6 0.5192414433481811 0.08826939076155922 0.14258748933799978 0.04016869665368965
6 0.28454827001113586 0.07047569019071795 0.0505090773392725 0.04578734387822052
6 0.4425693080044543 0.018285790494729108 0.0723477146721816 0.036571580989458216
6 0.6466033746817266 0.08464303057171632 0.06914998933799979 0.03717634783255321
6 0.8275630206874535 0.11947699251126409 0.03800907733927232 0.04527800790866539
6 0.36399141669318064 0.18057359038099835 0.0707852146721816 0.04349001482874763
6 0.6108118726925442 0.16582670498228452 0.14107953333863604 0.04479252965749523