5 0.21471026781367467 0.9340654069104459 0.03017088479802066 0.07047612646343282
5 0.18341480370705196 0.9326847140920382 0.03173338479802066 0.0704852168225127
5 0.06776707165374063 0.93257615066393 0.030125420691397963 0.06891362646343317
2 0.15526707165374062 0.9320670905554713 0.030125420691397987 0.06891362646343317
5 0.12636082165374063 0.9322352621984443 0.034812920691397985 0.06894089754067209
5 0.49745457165374063 0.930076301917035 0.03017088479802066 0.07047612646343318
5 0.46696308960042926 0.9294723139190875 0.03329588479802066 0.07049430718159258
5 0.25999872109974465 0.7181404250608185 0.027091348904643375 0.07202044574527378
5 0.23028848904643331 0.7175318918833312 0.03173338479802066 0.0704852168225127
5 0.17258964931299 0.7217744851692771 0.030125420691397942 0.06891362646343317
5 0.14285668520636735 0.7203847019917898 0.030125420691397987 0.06891362646343317
5 0.113146453153056 0.7197761688143025 0.03017088479802066 0.07047612646343318
5 0.08352714931299002 0.7222926356368153 0.03334134890464333 0.0720568071815924
5 0.11528326616432201 0.7932136688143026 0.03021634890464333 0.07203862646343318
5 0.2552848258768828 0.5829887202403583 0.033341348904643374 0.0720568071815924
5 0.2255291297169487 0.580817687062871 0.03017088479802066 0.07047612646343318
5 0.10599787971694871 0.5815130995324618 0.03173338479802066 0.0704852168225127
5 0.07711436177026006 0.5824625211754346 0.03173338479802066 0.0704852168225127