5 0.8562216333147736 0.16167854453585195 0.02892497867599957 0.06956835391920828
5 0.9116262013049106 0.23597150237426848 0.025763616008908485 0.06635242570596293
5 0.7029291699156858 0.6417571864600087 0.02732611600890884 0.06639788981258547
5 0.674795079248913 0.6417200825408003 0.025745434675363298 0.06478992570596276
5 0.8137837592298229 0.7864368521368416 0.0273079346753633 0.06483538981258548
5 0.4966791699156857 0.6357559243858146 0.025763616008908842 0.06635242570596275
5 0.46778201058245844 0.634133588413295 0.027326116008908663 0.06639788981258547
5 0.2318434158975502 0.7616889724198929 0.027326116008908663 0.06639788981258547
5 0.19662188920277873 0.9677654761808168 0.027289753341817803 0.06327288981258547
5 0.16848779853600598 0.9676553386776579 0.02730793467536321 0.06468932264468422
5 0.21325069394495708 0.411810992873864 0.02574543467536321 0.06478992570596294