2 0.5900352013446813 0.05615772312109176 0.07550907733927233 0.04724318114108115
2 0.7481653273392725 0.015456833231640977 0.0723477146721816 0.030913666463281954
2 0.05343463001272668 0.09131205066195378 0.06922271467218155 0.043827082712657714
2 0.053688621339908794 0.04596316335840085 0.06922271467218155 0.043827082712657714
2 0.5108749600174992 0.1051817280834905 0.0755090773392725 0.04724318114108117
2 0.35179140869668046 0.20482862531184085 0.07236589600572696 0.04553513192686944
2 0.2752289086966805 0.2083945810600279 0.07236589600572696 0.04553513192686944
5 0.1976028006842719 0.1205542868082149 0.0707852146721816 0.04389985731976358
5 0.2757187100174992 0.11613430645292203 0.0692590773392725 0.04695208271265772
2 0.2758299873885884 0.39440485566713374 0.0723840773392725 0.04709763192686944
2 0.6690709100493158 0.3323156546764577 0.0708579400063634 0.05014985731976358
2 0.8191810927354968 0.4691520670014013 0.07082157733927233 0.04702485731976367
5 0.818617471395588 0.4207145670014013 0.07082157733927233 0.04702485731976367
5 0.4336697593889065 0.38939837034944214 0.07391021467218159 0.044045406533975394
2 0.3545004273949517 0.4376411253118409 0.0692590773392725 0.046952082712657627
5 0.5901646600493159 0.33599077233530344 0.07392839600572713 0.045607906533975305
5 0.12529363804899774 0.35529746794929606 0.06925907733927246 0.04695208271265772
5 0.7433816614019515 0.4711191354460354 0.07238407733927232 0.04709763192686935
6 0.4792629753739527 0.2770588821362664 0.9292886053469085 0.1432281166208793