5 0.11119436517764643 0.030134296965582525 0.06991439371369372 0.030612013335919553
5 0.11165028349844601 0.05676056984439979 0.06991439371369372 0.030612013335919563
5 0.11724111972576039 0.2609856842384861 0.06991439371369372 0.030612013335919563
5 0.11593117679785496 0.2328606842384861 0.06998716832079958 0.032174513335919565
5 0.25940731079163903 0.48464684059718516 0.0699871683207995 0.032174513335919565
5 0.3329775514860141 0.5656898043824483 0.07154966832079959 0.03230205909355419
5 0.34560609987165625 0.8705048501400828 0.0652996683207995 0.03179187606301568
5 0.4778299408564816 0.7459995734682437 0.0699871683207995 0.032174513335919565
5 0.471128214844415 0.5010856861953401 0.0668621683207995 0.03191942182065048
5 0.4732921823794262 0.5307094133165229 0.07005994292790536 0.033737013335919566
5 0.5335767491714305 0.259153535586517 0.0668621683207995 0.03191942182065048
5 0.5507152849416789 0.9133626745264106 0.0652996683207995 0.03179187606301568
5 0.5524575674066675 0.8834200830111415 0.06515411910658778 0.028666876063016034
5 0.6888766027671404 0.7311246461875814 0.0668621683207995 0.03191942182065048
5 0.7502742133966729 0.5339788370940275 0.0652996683207995 0.031791876063016034
5 0.747654327540862 0.47772883709402747 0.0652996683207995 0.031791876063016034
5 0.7579027386229512 0.7819539514881138 0.0652268937136938 0.030229376063016032
5 0.7585405934615155 0.812486474366931 0.06366439371369381 0.030101830305381584
2 0.9008608341558906 0.8879174248162747 0.06678939371369381 0.030356921820650484
5 0.7489642704687676 0.5058538370940274 0.06537244292790553 0.033354376063016035
5 0.7465584003287222 0.38684874557875837 0.06678939371369381 0.030356921820650484