5 0.08760172603820089 0.28879358729235866 0.06973214664195541 0.03253070018457009
5 0.3595709844757214 0.36375880475267536 0.06978671034428627 0.03409320018457009
5 0.49461063947037925 0.14995951573458716 0.0696230192372937 0.029405700184570137
5 0.5626612350238755 0.14794763032484165 0.0680605192372937 0.02930557063492083
5 0.4953075547166562 0.0802280066352885 0.06348214664195542 0.03213018198597286
5 0.7044816911918106 0.28528004473052604 0.06655258293962447 0.030767941085271568
5 0.7766939970895932 0.31275540022148196 0.060248019237293705 0.028804922886674154
5 0.7769494574338793 0.3424929649963066 0.06353671034428636 0.03369268198597286
5 0.9091468546239889 0.15941274985234172 0.06655258293962447 0.030767941085271477
5 0.9101290012659444 0.1875377498523417 0.06660714664195524 0.03233044108527148
5 0.5717883085144893 0.8129112962716857 0.0664980192372937 0.02920544108527139
5 0.5735244233052793 0.840204981496861 0.0664980192372937 0.02920544108527139