5 0.9284119682887946 0.14441672149789483 0.07038809471009344 0.028524975799503194
5 0.6625965234657618 0.23346454419758117 0.07204159997176518 0.03009656615858276
5 0.6609584287556686 0.20533954419758116 0.07029708944842135 0.02696247579950315
5 0.31474358141473935 0.17442887002052548 0.06717208944842143 0.026944295081343928
5 0.09798944994353027 0.059924966724316873 0.06560958944842143 0.026935204722264315
5 0.09958204202278761 0.08726871672431687 0.06422909997176514 0.030051114363184705
5 0.2478136866481763 0.20527889422102227 0.06570059471009326 0.028497704722264317
5 0.24788928135826954 0.2333948038619426 0.07047909997176519 0.030087475799503237
5 0.046584386591706564 0.26346305718159235 0.06432010523343698 0.0316136143631847
5 0.15681883341029074 0.8420334847764936 0.06717208944842143 0.026944295081343838
5 0.49252257302812136 0.6924754089535494 0.06726309471009326 0.02850679508134384
5 0.49489641510737875 0.7198237041330892 0.06570059471009326 0.028497704722264317
5 0.1617030254613132 0.8990738251355733 0.07038809471009326 0.02852497579950324
5 0.16403136490973463 0.9256408703151131 0.0655185841867496 0.025372704722264317
5 0.0990966096480628 0.923701120413309 0.06699007892507773 0.023819295081344193