5 0.4170875060501242 0.011893366478583352 0.06890453610435347 0.023786732957166705
5 0.4157466780858806 0.2403742151002592 0.07046703610435348 0.027789809252765352
5 0.4163597564429077 0.2692668283307841 0.06892271682251269 0.030887535713814973
5 0.41431040135130104 0.4872492151002593 0.06892271682251269 0.030887535713814883
5 0.4140780763139237 0.6614543283307841 0.07046703610435348 0.027789809252765352
5 0.21134448263519431 0.46345102516380343 0.06577953610435347 0.027707988635914303
5 0.1398785487937771 0.3943931079555191 0.07047612646343313 0.029352309252765264
5 0.13911495863108922 0.525643107955519 0.06577953610435347 0.027707988635914303
2 0.1389604225267357 0.552205607955519 0.06578862646343313 0.029270488635914305
2 0.21033545277735674 0.6368885251638033 0.07045794574527386 0.02622730925276535
2 0.41703944985049046 0.6895247812528834 0.07045794574527395 0.02622730925276535
2 0.41570927488786785 0.5153469415613089 0.06577953610435347 0.027707988635914303
2 0.4168642713718264 0.18254807833078407 0.06890453610435347 0.027762535713814974
2 0.5587704911212054 0.09414232305577828 0.06421703610435366 0.02768071509696395
2 0.5604920724050988 0.06677129951682795 0.06578862646343317 0.02927048863591426
5 0.629569325331965 0.01197143567574748 0.06422612646343318 0.02394287135149496
5 0.4165349349215718 0.7762435312528834 0.06577953610435347 0.027707988635914303
5 0.4171525584581386 0.8043548944834082 0.06891362646343317 0.029325035713814885
5 0.20893657924078984 0.6087907987027539 0.07047612646343318 0.02935230925276535