5 0.44921875 0.078125 0.0296875 0.0640625
5 0.5421875 0.35 0.028125 0.071875
5 0.14921875 0.2875 0.025 0.06875
5 0.2640625 0.4921875 0.0296875 0.06875
5 0.33828125 0.4921875 0.028125 0.0703125
5 0.3390625 0.5609375 0.0296875 0.06640625
5 0.09375 0.5671875 0.0265625 0.0640625
5 0.121875 0.565625 0.028125 0.0640625
5 0.0359375 0.5671875 0.028125 0.0640625
5 0.034375 0.28984375 0.0265625 0.0640625
5 0.48671875 0.6984375 0.0265625 0.0640625
5 0.5203125 0.765625 0.025 0.0625
5 0.546875 0.765625 0.028125 0.06640625
5 0.3734375 0.9078125 0.028125 0.06640625
5 0.4015625 0.9078125 0.028125 0.0625
5 0.0375 0.91484375 0.025 0.06640625
5 0.06484375 0.91328125 0.0296875 0.06875
5 0.04140625 0.7765625 0.028125 0.0625
5 0.0703125 0.77421875 0.0296875 0.06640625
5 0.12265625 0.9734375 0.0296875 0.053125
5 0.153125 0.97421875 0.028125 0.0515625