5 0.5157522643716371 0.4951224467884841 0.0713948389353046 0.031068329734219448
5 0.5154631042955249 0.5262723172388348 0.0713948389353046 0.031068329734219448
5 0.2999813202265864 0.7454474120893325 0.06989600593149899 0.03253070018457009
5 0.30284899364857143 0.7775787916389818 0.0667073389353046 0.030767941085271387
5 0.37606100056865366 0.8149972509228507 0.06677100593149907 0.03233044108527139
5 0.37730250699444434 0.8454660009228506 0.06989600593149907 0.03253070018457009
5 0.7368473784786316 0.2607228701365837 0.0713948389353046 0.031068329734219448
5 0.7364627179082278 0.2895289905869343 0.07295733893530461 0.0311684592838688
5 0.8263063982874762 0.7542411350959785 0.07152217292769336 0.034193329734219444
5 0.7512745647893789 0.748653666712811 0.07770850593149917 0.03303134793281668
5 0.8293544383250948 0.9437844964470304 0.07308467292769336 0.0342934592838688
5 0.8298146947508854 0.9742031816722058 0.07302100593149916 0.0327309592838688
5 0.5289817066138834 0.9977469420865639 0.0713948389353046 0.004506115826872303