5 0.5966674718184273 0.637712702578004 0.07121061866166656 0.02892497867599957
5 0.5984151909984734 0.6088155432447768 0.07134731969842587 0.030487478675999567
5 0.5772456541462516 0.8151019059118678 0.07290981969842587 0.030505660009544754
5 0.5070698551830108 0.8143575659214127 0.07107391762490742 0.027362478675999568
5 0.5096671748814366 0.7846700659214128 0.07134731969842587 0.030487478675999567
5 0.579911324363057 0.7846331559118678 0.07277311866166655 0.02894316000954511
2 0.29107441682291835 0.8746245459500479 0.07263641762490743 0.027380660009544755
5 0.3765122137599088 0.7276853639401846 0.06794891762490733 0.02732611600890884
5 0.37982243293995505 0.6987700232734119 0.07121061866166656 0.02892497867599957
5 0.5709297802543059 0.1736416592536855 0.06794891762490743 0.027326116008908663
5 0.5766322675776392 0.11738256858691276 0.06794891762490743 0.027326116008908663
5 0.5774620357209261 0.09005699992045821 0.07121061866166656 0.02892497867599957
5 0.5549747151740284 0.3470882499204582 0.06808561866166656 0.028888616008908664
5 0.5540082459939822 0.37597631858691277 0.06794891762490743 0.027326116008908663
5 0.33865664806750073 0.3753603426161841 0.06794891762490743 0.027326116008908663
5 0.4222100247876857 0.25888081993954826 0.07290981969842587 0.03050566000954493
2 0.4188998056076395 0.28779616060632096 0.07290981969842587 0.03050566000954493
5 0.34111726672916737 0.34723534261618416 0.07134731969842587 0.030487478675999567