5 0.51796875 0.34453125 0.0296875 0.06640625
5 0.546875 0.3453125 0.028125 0.06875
5 0.340625 0.34765625 0.0296875 0.06875
5 0.36953125 0.34765625 0.028125 0.06875
2 0.2828125 0.6296875 0.028125 0.06875
2 0.4296875 0.5578125 0.0265625 0.06640625
5 0.459375 0.55859375 0.028125 0.06875
5 0.778125 0.41015625 0.0265625 0.06640625
5 0.80703125 0.41015625 0.0265625 0.0640625
5 0.78203125 0.625 0.0265625 0.0640625
5 0.809375 0.62578125 0.028125 0.06875
5 0.9765625 0.4109375 0.028125 0.0640625
2 0.86796875 0.5546875 0.028125 0.0640625
5 0.89609375 0.5546875 0.028125 0.0640625
5 0.340625 0.41875 0.0265625 0.06875
5 0.3703125 0.41796875 0.0296875 0.0703125