5 0.12786399396773193 0.2325652637997177 0.07093721658814811 0.026200035713814972
5 0.12526667426930607 0.2622527637997177 0.06835902073518514 0.03239548863591431
5 0.3410570610742597 0.2031020860414218 0.06781221658814811 0.026145488635914305
5 0.4302541365221296 0.013703305399094068 0.06808561866166656 0.027406610798188135
5 0.42629936837884264 0.04014239001918134 0.07121061866166656 0.02932503571381496
5 0.33671202219578755 0.26168219927194664 0.07121061866166664 0.02932503571381497
5 0.4092999216774079 0.2611952297107558 0.07121061866166656 0.02932503571381497
5 0.40605805301574127 0.289333866480231 0.07148402073518519 0.032450035713814974
5 0.29983213656861246 0.6921373125024715 0.07121061866166656 0.029325035713814885
5 0.29886566738856624 0.7210162889635211 0.06808561866166665 0.029270488635914305
3 0.11722114547560258 0.3809618534912922 0.0680856186616666 0.029270488635914305
5 0.8284122151740284 0.33890580357731304 0.06808561866166656 0.029270488635914305
5 0.8434486206879168 0.10462626096363921 0.07093721658814829 0.026200035713814972
5 0.8431950509894911 0.1342728506552137 0.07148402073518519 0.032450035713814974
5 0.7344599977374087 0.5925041363690287 0.07121061866166656 0.029325035713814885
5 0.733356827520603 0.6229456128300782 0.07121061866166656 0.029325035713814885
2 0.7291970078221771 0.6526603863690287 0.07121061866166656 0.029325035713814885
5 0.727449288642131 0.6815529995995535 0.06808561866166656 0.029270488635914305
5 0.7161420588116683 0.8018791363690287 0.06652311866166656 0.029243215096963836