2 0.69140625 0.06875 0.04921875 0.08359375
3 0.153125 0.0765625 0.04296875 0.08515625
3 0.3265625 0.34296875 0.04296875 0.08359375
5 0.68125 0.42890625 0.04296875 0.08203125
2 0.3671875 0.696875 0.04296875 0.078125
5 0.415625 0.696875 0.04765625 0.08203125
5 0.71953125 0.69765625 0.04765625 0.084375
5 0.23359375 0.87734375 0.0421875 0.07734375
2 0.2765625 0.959375 0.04453125 0.07578125
5 0.53203125 0.878125 0.040625 0.075
5 0.62421875 0.87890625 0.04453125 0.07421875
5 0.80390625 0.9546875 0.04296875 0.06953125
3 0.9 0.8734375 0.05390625 0.0828125