5 0.04296875 0.4109375 0.0265625 0.06640625
5 0.37421875 0.41328125 0.028125 0.06875
5 0.5484375 0.4140625 0.0265625 0.06640625
2 0.66328125 0.415625 0.0265625 0.06640625
4 0.49140625 0.2078125 0.0265625 0.06875
5 0.4046875 0.1375 0.0265625 0.06875
5 0.24765625 0.1375 0.028125 0.06875
5 0.31875 0.20703125 0.0265625 0.06640625
5 0.37734375 0.13671875 0.025 0.06875
5 0.46328125 0.20703125 0.028125 0.06640625
5 0.63515625 0.4140625 0.0265625 0.06640625
5 0.52109375 0.41328125 0.0265625 0.0640625
5 0.34609375 0.4125 0.0265625 0.0640625
5 0.1296875 0.41328125 0.028125 0.06640625
5 0.1 0.41328125 0.0265625 0.06640625
5 0.9640625 0.753125 0.0265625 0.0640625