5 0.97578125 0.4369322974561555 0.0265625 0.06794891762490743
5 0.9734375 0.5062584959010167 0.0265625 0.07107391762490742
5 0.94609375 0.5054287277577296 0.028125 0.07121061866166656
5 0.94609375 0.43433497775772967 0.028125 0.07121061866166656
5 0.80234375 0.41863348237587805 0.0265625 0.06794891762490743
5 0.77421875 0.4153916137142115 0.0265625 0.06794891762490743
5 0.5390625 0.45809935768194343 0.025 0.06624971658814811
5 0.5375 0.6735876566451842 0.025 0.06781221658814811
5 0.50859375 0.6702774374651379 0.0296875 0.06822231969842588
5 0.8890625 0.6371578899160169 0.0265625 0.06794891762490743
5 0.86015625 0.6346289207359705 0.0296875 0.07134731969842587
5 0.4203125 0.59224132888824 0.0265625 0.06794891762490743
2 0.44921875 0.5947702980682862 0.0296875 0.06665981969842587
5 0.33671875 0.44195907342161966 0.028125 0.06652311866166656
5 0.03828125 0.4166304254006018 0.028125 0.06808561866166656
5 0.5109375 0.4579824890202769 0.0265625 0.07107391762490742
5 0.278125 0.4376140345431477 0.0265625 0.06638641762490742
5 0.2515625 0.43450886691824026 0.028125 0.06652311866166656
5 0.0640625 0.2165422425071295 0.0265625 0.06638641762490734
5 0.13359375 0.1515316886429164 0.0265625 0.07107391762490733