5 0.609375 0.07890625 0.02890625 0.06796875
5 0.29609375 0.28671875 0.02578125 0.06796875
5 0.09296875 0.2859375 0.02890625 0.071875
5 0.671875 0.36171875 0.02578125 0.071875
5 0.6984375 0.36171875 0.02890625 0.0703125
5 0.4140625 0.50234375 0.02890625 0.0703125
5 0.49140625 0.503125 0.03203125 0.071875
5 0.48984375 0.57421875 0.02890625 0.071875
5 0.23671875 0.57421875 0.02421875 0.06796875
5 0.2640625 0.5734375 0.02734375 0.06796875
5 0.08671875 0.56796875 0.02890625 0.06640625
5 0.11875 0.57109375 0.02578125 0.06640625
2 0.14609375 0.5734375 0.02890625 0.0703125
5 0.17578125 0.5734375 0.03046875 0.06796875
5 0.640625 0.71953125 0.02890625 0.0703125
5 0.66953125 0.7875 0.02890625 0.06640625
5 0.7 0.790625 0.02890625 0.06640625
5 0.51953125 0.93203125 0.02890625 0.06640625
5 0.5484375 0.93203125 0.02734375 0.0640625
5 0.17265625 0.9296875 0.02890625 0.071875
5 0.2 0.93125 0.03046875 0.0703125
5 0.02421875 0.9265625 0.02578125 0.06640625
5 0.053125 0.9265625 0.02890625 0.06640625
5 0.03046875 0.784375 0.02578125 0.06796875
5 0.059375 0.78671875 0.02578125 0.06796875
5 0.11953125 0.784375 0.02421875 0.06015625
5 0.146875 0.784375 0.02890625 0.06796875
5 0.178125 0.784375 0.02890625 0.06015625
5 0.20546875 0.7859375 0.03203125 0.0640625
5 0.1203125 0.28671875 0.02734375 0.0703125
5 0.15078125 0.28671875 0.03046875 0.0640625
5 0.17890625 0.2875 0.02890625 0.06640625