5 0.7572872124710204 0.17796355269284886 0.08902800790866543 0.04208568068726608
1 0.8001417822033152 0.9030487618742459 0.08590300790866542 0.041921906377006476
7 0.17079790863041847 0.3488425344870248 0.19306547535978275 0.6821175384437537
7 0.4495542614058875 0.4266178951841885 0.18848676882026147 0.4932188127540133
1 0.4801716141441756 0.1212409984181203 0.08890067391627668 0.038960680687266123
1 0.3929262821289532 0.1320766791053864 0.07965300790866543 0.041594357756487586
4 0.4748673488211364 0.04870757915081493 0.09215300790866543 0.0422494549975256
1 0.5052590692380032 0.6985028612629905 0.08421317391627667 0.0387150192218769
4 0.5075046601504742 0.7343994176854257 0.08277800790866544 0.041758132066747146
4 0.5099094185534312 0.7742022241078608 0.08446784190105419 0.0449650192218769
6 0.7041342624316518 0.8141301040269013 0.0996603962731287 0.30302318068726597
6 0.794889255017278 0.774142511874246 0.09654071345960365 0.22646068068726616