4 0.3896243571584012 0.7702097659532294 0.10668961575678057 0.03559314934754489
4 0.3926807387001975 0.8092631752864566 0.10696263154179615 0.040280649347544537
4 0.3882214808782768 0.7327006752864567 0.10530912628012441 0.03869996801399935
4 0.5934586575678068 0.33707745058882177 0.10503611049510883 0.034012468013999354
4 0.5904022760260106 0.29802404125559445 0.10521812101845249 0.03713746801399935
4 0.5882636523767222 0.2613052912555945 0.10687162628012441 0.038718149347544806
4 0.6153377177240973 0.7261490412555945 0.10852513154179633 0.04029883068109026
4 0.6190843440042216 0.763630859922049 0.10218412628012441 0.03866360534690845
1 0.6220952229151819 0.8019030192552762 0.10843412628012442 0.03873633068109043
1 0.7264642044993305 0.7952161199077314 0.10687162628012441 0.038718149347544896
1 0.820756904936971 0.3336508165579596 0.11017863680346807 0.04187951201463562
4 0.8160925207643388 0.2938343385582777 0.10843412628012424 0.03873633068109026