4 0.309375 0.0609375 0.0375 0.0890625
4 0.38515625 0.1546875 0.0390625 0.08828125
4 0.3 0.403125 0.03828125 0.08203125
2 0.2625 0.4 0.0375 0.0828125
4 0.77109375 0.50703125 0.034375 0.0859375
4 0.33515625 0.50390625 0.03671875 0.0921875
4 0.290625 0.80234375 0.03984375 0.0859375
4 0.33046875 0.80078125 0.03828125 0.0875
4 0.33125 0.7078125 0.0390625 0.1015625
4 0.734375 0.59765625 0.0375 0.0875
4 0.6984375 0.59921875 0.0375 0.09296875
2 0.6609375 0.59921875 0.03671875 0.0890625
4 0.80859375 0.596875 0.0375 0.08828125
4 0.7703125 0.5984375 0.034375 0.0921875
4 0.76953125 0.7046875 0.0375 0.09609375
4 0.296875 0.596875 0.03828125 0.0890625
4 0.3 0.3109375 0.03359375 0.09921875
1 0.33515625 0.4046875 0.03671875 0.08203125
2 0.346875 0.15234375 0.0375 0.08671875
3 0.234375 0.15 0.0375 0.08671875
3 0.55546875 0.315625 0.034375 0.0875
3 0.175 0.8015625 0.0375 0.08515625
5 0.290625 0.71171875 0.03515625 0.0984375
2 0.7703125 0.79375 0.040625 0.08984375
2 0.62421875 0.59609375 0.03828125 0.084375
2 0.30859375 0.153125 0.03828125 0.08515625
2 0.26953125 0.153125 0.0359375 0.08671875
2 0.1921875 0.1515625 0.03671875 0.0859375
2 0.33828125 0.3125 0.03984375 0.09921875
5 0.2625 0.3140625 0.0390625 0.09453125
2 0.534375 0.15546875 0.0359375 0.09140625
2 0.571875 0.15625 0.0390625 0.09296875
2 0.6453125 0.15625 0.03984375 0.09375
2 0.684375 0.1609375 0.04140625 0.0890625
4 0.7921875 0.16171875 0.040625 0.08671875
4 0.753125 0.1609375 0.03671875 0.0875
2 0.66328125 0.4015625 0.03359375 0.084375
4 0.77109375 0.403125 0.03359375 0.0859375
2 0.7 0.40234375 0.0359375 0.08828125
2 0.66484375 0.3109375 0.03359375 0.0859375
2 0.7 0.3125 0.0359375 0.090625
4 0.94453125 0.40703125 0.03515625 0.0875