5 0.5078442318075441 0.8930097778167625 0.03267125889134022 0.06561835594746519
5 0.4275382634439634 0.6260070635469827 0.03147263192686935 0.07334896879233561
5 0.8175960291597291 0.6679124440318501 0.028202082712657627 0.0700601944820761
5 0.7122857526905964 0.4692436499338869 0.03288958271265763 0.07030585594746537
5 0.6380670026905964 0.4731332898025501 0.03139985731976367 0.0717864687923356
5 0.640487835403254 0.4044242333801149 0.0327440334984459 0.06718085594746519
5 0.8860914338316774 0.3853179500247439 0.029546258891340216 0.06545458163720586
5 0.8578936592245716 0.38835441881707944 0.031108758891340217 0.06553646879233552
5 0.9439039338316775 0.3822881252849431 0.031108758891340217 0.06553646879233561
5 0.9325489410703878 0.6595499881298134 0.029546258891340216 0.06545458163720567
5 0.49923575082856947 0.2746625695398765 0.029546258891340216 0.06545458163720577
5 0.4687713089341214 0.20923564337516617 0.02791098428423435 0.063810194482076
5 0.4422088089341214 0.21062772501237195 0.03118153349844608 0.06709896879233553
5 0.6222687981807544 0.059350750792969496 0.03118153349844608 0.06709896879233553
5 0.5941437981807545 0.06082471958530503 0.031035984284234354 0.06397396879233555
5 0.9585337839127309 0.03471376244007285 0.0280565334984459 0.06693519448207604
5 0.9311172593056248 0.03770928765484351 0.03288958271265798 0.07030585594746529
5 0.9481869811838625 0.17319973032789723 0.03103598428423453 0.06397396879233552
5 0.9191715692732035 0.17705839269779763 0.0327440334984459 0.06718085594746528
5 0.8761065816792005 0.003961645184188484 0.032161836641598995 0.007923290368376967
5 0.8456742189827533 0.0039583231579211255 0.03052656203449331 0.007916646315842251