5 0.6469235826532586 0.6944626892505038 0.031728034825709094 0.06907726400381797
5 0.9616389371303857 0.8971764198759148 0.031728034825709274 0.06907726400381797
5 0.4376714133859532 0.6992427379455934 0.031891809135968605 0.07220226400381798
5 0.46801733265325857 0.6965444519414572 0.03518058344622812 0.07536362667090887
5 0.49848608265325856 0.696189915937321 0.031728034825709094 0.06907726400381797
5 0.5266520262308234 0.6966439019335031 0.031728034825709094 0.06907726400381797
5 0.1836179992070305 0.6248080013128645 0.03180992198083885 0.07063976400381797
5 0.14057292684207887 0.4150244686505462 0.031728034825709094 0.06907726400381797
5 0.2021931795556123 0.4870080093093647 0.031728034825709094 0.06907726400381797
5 0.057620985978047455 0.4879085326623184 0.033126760515449584 0.06597044533736351
5 0.4523326204196437 0.41217854260822995 0.031728034825709094 0.06907726400381797
5 0.5724813461093843 0.40765357992523066 0.031728034825709094 0.06907726400381797
5 0.6014285396869491 0.40809847525464005 0.031728034825709094 0.06907726400381797
5 0.3541087251239136 0.19365635662000216 0.031482373360319824 0.06438976400381798
5 0.38375528154634875 0.1925296612826387 0.031728034825709094 0.06907726400381801
5 0.4210416768420789 0.4117609192791389 0.031728034825709094 0.06907726400381797
2 0.48107509610938426 0.4087171879376393 0.031728034825709094 0.06907726400381797
5 0.5123660396869492 0.4091348112667303 0.031728034825709094 0.06907726400381797
2 0.25988284882291773 0.48399154996818333 0.03156426051544958 0.06595226400381797
5 0.444157193011738 0.1965171799411391 0.031728034825709094 0.06907726400381801
5 0.4737218622790434 0.19382798460377562 0.031728034825709094 0.06907726400381801
5 0.5041906122790434 0.19347344859963947 0.03156426051544958 0.06595226400381801
5 0.5338371687014785 0.192346753262276 0.031482373360319824 0.06438976400381802
5 0.3421332683173657 0.054648400620638485 0.031728034825709094 0.069077264003818
5 0.3733423247398008 0.053503523949729584 0.034853034825709096 0.0691136266709089
5 0.493572937584671 0.05054106126673034 0.031728034825709094 0.06907726400381801
5 0.5216979375846711 0.05021379726291233 0.031728034825709094 0.06907726400381801
5 0.9676190264579659 0.26547188653727866 0.0315642605154494 0.06595226400381797
5 0.8392129862051902 0.05277298655318704 0.0315642605154494 0.065952264003818
5 0.8665157926276252 0.05167356321614176 0.031482373360319824 0.06438976400381802
5 0.7551953488229177 0.47822806723427724 0.03156426051544958 0.06595226400381797
5 0.8277697116677878 0.47582013522441413 0.031728034825709274 0.06907726400381797
5 0.8233854268420788 0.4070792258911869 0.03189180913596843 0.07220226400381798