3 0.2817129013577292 0.14846126590162462 0.03348192182065048 0.06644335391920828
5 0.430341719994181 0.1417984257724699 0.032174513335919565 0.06952288981258556
5 0.4021529471153637 0.14339802969167817 0.03529951333591956 0.06961381802583096
5 0.8434004740770668 0.3425543143979213 0.033737013335919386 0.0695683539192082
5 0.8129317240770669 0.34344086447706357 0.036606921820650486 0.06653428213245363
5 0.6264683234682438 0.42212946879198315 0.033737013335919566 0.0695683539192082
5 0.4372780198347015 0.3528124821198183 0.03399210485118864 0.0726933539192082
5 0.3701545505894265 0.43036683227810285 0.033737013335919566 0.0695683539192082
5 0.3428108005894265 0.4311624541439999 0.033737013335919566 0.0695683539192082
5 0.378556724077067 0.3560798861181689 0.03399210485118864 0.07269335391920828
5 0.010022005894807912 0.7917723113619134 0.020044011789615825 0.0695683539192082
5 0.25102333163401563 0.8586031440357276 0.036606921820650486 0.06653428213245363
5 0.48833201299756385 0.8540363498290802 0.036606921820650486 0.06653428213245363
5 0.4594895358763811 0.8540961858015997 0.033737013335919566 0.0695683539192082