2 0.664309642452882 0.9232047599061406 0.05245506175762493 0.08495680267345448
3 0.12625571298599544 0.9216557293125465 0.04620506175762475 0.08488407733927232
3 0.3074448431651626 0.653231351289002 0.04620506175762475 0.0848840773392725
5 0.66463286902941 0.5631666885741862 0.0461141335443795 0.08175907733927232
2 0.35836746331519986 0.29885238661682045 0.04602320533113406 0.0786340773392725
5 0.4068049633151999 0.29828876527691167 0.0508016335443795 0.08181362133990877
5 0.7107339453685112 0.29397124590232265 0.049330061757624756 0.08492044000636341
5 0.23002481763011953 0.119938140634956 0.04446070533113407 0.078615896005727
2 0.2753804332278103 0.03758072131604625 0.04593227711788872 0.0751614426320925
5 0.5284850496834309 0.11568425592777605 0.042807277117888634 0.07547271467218156
5 0.6206952817367423 0.1138303072485948 0.04749477711788863 0.07552725867281791
5 0.8025877909079423 0.03595820389086866 0.045750420691397765 0.06925907733927246
3 0.8963174073635628 0.1160900518778238 0.05553459765100186 0.08343066534054513