6 0.5807405007914228 0.29470538474417557 0.32484688730530314 0.05408312256272039
6 0.21391539898378564 0.0986618222417041 0.36004024122451134 0.08280814041962788
6 0.21848689020829698 0.1751834119332786 0.3565060642649073 0.06869109334172716
6 0.23291911473976096 0.24137147362167588 0.3422162437317938 0.06063313149117411
6 0.24239105463148883 0.2982663559269242 0.33320495658477534 0.0729694902574721
6 0.5797452682758931 0.6097264127473527 0.28707410266556704 0.04405355762791228
6 0.173704553773559 0.46282946225759025 0.13091503087881237 0.04445120373287814
6 0.27648387595602497 0.6103299793037188 0.2967673514119258 0.05515469886161419
6 0.5820221367765777 0.8222945965947286 0.24966503087881248 0.046523992693104074
6 0.5838490612288993 0.8582184598252536 0.2417161385589443 0.041700124998352094
6 0.5864799677345324 0.8949099362863031 0.25113660266556703 0.043426266232054186
6 0.5805398562934767 0.9325326672115797 0.2555967821324536 0.03569558684890524
6 0.5830725082467632 0.6972127759778777 0.25113660266556703 0.04342626623205437
6 0.1860574527573446 0.5650095710238882 0.1373923514119258 0.052372797888679656
6 0.5837230967930722 0.23602981412732457 0.3406992078384164 0.06216835795222373
6 0.5849386043149197 0.17035026704942385 0.3438242078384164 0.06222290503012449
6 0.584591611836767 0.10469799351047353 0.35177310015828456 0.06704677272487616