5 0.2734375 0.07578125 0.02890625 0.071875
5 0.02734375 0.0796875 0.02890625 0.06953125
5 0.0546875 0.07890625 0.02890625 0.06796875
5 0.42109375 0.2125 0.02890625 0.071875
5 0.453125 0.2875 0.02890625 0.06796875
5 0.4796875 0.28671875 0.02578125 0.071875
5 0.9453125 0.0828125 0.02890625 0.06953125
5 0.971875 0.0828125 0.02578125 0.06953125
5 0.50703125 0.49609375 0.02578125 0.065625
5 0.3 0.4234375 0.02890625 0.06796875
5 0.3296875 0.425 0.03359375 0.06796875
5 0.046875 0.4953125 0.02890625 0.071875
5 0.0765625 0.4953125 0.02890625 0.065625
5 0.32734375 0.8609375 0.02734375 0.065625
5 0.35625 0.86015625 0.02890625 0.06953125
5 0.3296875 0.92890625 0.02734375 0.071875
5 0.3578125 0.93046875 0.02890625 0.071875
5 0.50859375 0.859375 0.02890625 0.065625
5 0.53828125 0.85703125 0.02890625 0.06796875
5 0.77421875 0.92421875 0.02734375 0.0640625
5 0.97578125 0.92421875 0.02734375 0.065625