5 0.9540529116409395 0.9555667698460255 0.0335713618274994 0.07302100593149916
5 0.7986764821770826 0.8168332391999471 0.03357136182749905 0.07302100593149916
5 0.7632466224241758 0.7398423162722537 0.03333456348717299 0.06989600593149917
5 0.7326594732540128 0.737038309846463 0.034778664317009954 0.06839717292769336
5 0.28385881081110265 0.9298161284786317 0.03333456348717299 0.06989600593149917
5 0.25483416164093964 0.9270757890490355 0.03333456348717308 0.06989600593149917
5 0.10247229793934073 0.5711693458553869 0.03333456348717308 0.06989600593149917
5 0.6896870327924937 0.5296741374130611 0.03693316016782511 0.07627333992388792
5 0.9022238442050743 0.6107662644088181 0.03333456348717334 0.06989600593149917
5 0.8732583946199928 0.6088071749792219 0.0366963618274994 0.07314833992388792
5 0.6647397740699168 0.16961338790735284 0.03333456348717299 0.06989600593149907
5 0.6325901248997537 0.16674571448536782 0.03333456348717299 0.06989600593149907
5 0.8411246753146722 0.17446400847731908 0.03333456348717299 0.06989600593149907
5 0.8130588748997537 0.17409925254582004 0.033097765146846925 0.06677100593149907
5 0.8368739605827435 0.10808959197541627 0.03610436597668425 0.06533583992388783
5 0.8065828093379881 0.10919183554962564 0.033097765146846925 0.06677100593149903
5 0.3902949585081512 0.0937870810638203 0.03333456348717308 0.06989600593149906
5 0.3614479080932327 0.09339049163422407 0.03333456348717299 0.06989600593149906
5 0.18494460767831422 0.08697737106425782 0.03645956348717303 0.07002333992388783
5 0.1255696076783142 0.08455802520887094 0.03286096680652095 0.06364600593149908
5 0.0989479080932327 0.08269443627356629 0.029854365976683984 0.06508117193911027