5 0.389706842655955 0.07663366023009557 0.02892497867599957 0.06891362646343313
5 0.7005699752944109 0.2826235432346322 0.02579997867599957 0.06889544574527395
5 0.9037040659611837 0.28066054655428185 0.02896134134309065 0.07203862646343318
5 0.3239160212842295 0.3598097745932803 0.025836341343090475 0.07202044574527386
5 0.29735352128422954 0.35996431069763374 0.02894316000954502 0.07047612646343318
5 0.5800922012651395 0.4989348653451433 0.02894316000954511 0.07047612646343318
5 0.5027393605983668 0.5001660881195844 0.03208634134309048 0.0720568071815924
5 0.5034746099220491 0.5712507477605048 0.028961341343090474 0.07203862646343318
5 0.7565996099220491 0.5697781095896067 0.02579997867599957 0.06889544574527377
5 0.7292649505888218 0.5691559408735001 0.02892497867599957 0.06891362646343317
5 0.9066723352562309 0.5626554351179635 0.028888616008908484 0.06578862646343317
5 0.8746047225891399 0.5659667874790957 0.025763616008908485 0.06577044574527377
2 0.8472337005888217 0.568469618762989 0.02894316000954511 0.07047612646343318
5 0.8175462005888218 0.5686423355855016 0.03204997867599957 0.06893180718159223
5 0.3510024959023227 0.7174404674116879 0.02894316000954502 0.07047612646343318
5 0.32130535789309583 0.7855773890546608 0.028888616008908664 0.06578862646343317
5 0.29080024522600495 0.7888796510567134 0.028888616008908664 0.06578862646343317
5 0.46962358454014214 0.9292359645830175 0.02888861600890884 0.06578862646343282
5 0.44071733454014217 0.9294041362259904 0.0288704346753633 0.06422612646343281
5 0.8165258565404603 0.9248741548673424 0.02896134134309065 0.07203862646343318
5 0.7891639252069149 0.9265957361512356 0.03206816000954511 0.07049430718159258
5 0.9649997192075513 0.9208855707547787 0.025763616008908485 0.06577044574527377
5 0.9360934692075513 0.9210537423977516 0.028888616008908484 0.06578862646343317
5 0.9604042205601868 0.7787344321910972 0.02579997867599957 0.06889544574527377
5 0.9314706985598686 0.7812463538340702 0.02579997867599957 0.06889544574527377
5 0.8713417205601868 0.7792525826586354 0.02569089067472703 0.05952044574527378
5 0.8439979705601868 0.7794116639425287 0.02892497867599957 0.06891362646343317
5 0.8127479705601868 0.779593471124121 0.028815890674727028 0.05953862646343318
5 0.7853860392266412 0.7813150524080144 0.031995434675363296 0.0642443071815924
5 0.8763512252944109 0.2816008778381752 0.02894316000954511 0.07047612646343318
5 0.8458824752944109 0.28177813984022776 0.031995434675363296 0.0642443071815924
5 0.8177483846276381 0.2827230163036609 0.028888616008908484 0.06578862646343317