5 0.8083101272425228 0.8879589455377979 0.07055233189368763 0.030525802902557686
5 0.7320492134551472 0.9416717333794132 0.06722707279438929 0.027291675497895795
5 0.33339736968438355 0.7233879478152325 0.06732720234403847 0.028854175497895974
5 0.3344184515780714 0.695235665964067 0.06566457279438911 0.02723711179556503
5 0.18478179210963241 0.8309499327542902 0.06576470234403846 0.028799611795565026
5 0.3466144702380939 0.5171379478152326 0.06722707279438911 0.027291675497895972
5 0.3492481169066064 0.488258979666398 0.06732720234403847 0.028854175497895974
5 0.22989254935400455 0.2491915012659444 0.06732720234403847 0.028854175497895974
5 0.02853256053432976 0.20914931070710593 0.05706512106865952 0.02874504809323426
5 0.02943372648117365 0.18099702885594054 0.0588674529623473 0.028799611795565117
5 0.5805631778239198 0.23873023873689067 0.06566457279438928 0.02723711179556503