5 0.03125 0.0765625 0.02890625 0.06796875
5 0.059375 0.0765625 0.02890625 0.06796875
2 0.08828125 0.07578125 0.03203125 0.06953125
5 0.11640625 0.078125 0.02578125 0.06796875
5 0.17734375 0.07421875 0.02578125 0.06953125
5 0.20546875 0.07421875 0.02734375 0.06953125
5 0.1171875 0.21484375 0.02734375 0.06953125
5 0.06171875 0.28828125 0.02734375 0.06953125
5 0.09140625 0.2875 0.03046875 0.06953125
5 0.11875 0.28671875 0.02890625 0.06796875
5 0.1484375 0.28515625 0.03046875 0.06953125
5 0.42578125 0.071875 0.02734375 0.06953125
5 0.578125 0.2078125 0.02890625 0.071875
5 0.6078125 0.28046875 0.02890625 0.06796875
5 0.63828125 0.28046875 0.03046875 0.06953125
5 0.46015625 0.41953125 0.02890625 0.06953125
5 0.4890625 0.4203125 0.02890625 0.06953125
5 0.66953125 0.49296875 0.03046875 0.06953125
5 0.20390625 0.49765625 0.02890625 0.06796875
5 0.2328125 0.49609375 0.02734375 0.071875
5 0.1125 0.425 0.03046875 0.07421875
5 0.1421875 0.425 0.02578125 0.06953125
5 0.671875 0.85390625 0.02890625 0.065625
5 0.7015625 0.85546875 0.02890625 0.06796875
5 0.521875 0.85859375 0.03203125 0.065625
5 0.490625 0.85703125 0.02890625 0.06953125
5 0.49140625 0.92578125 0.02734375 0.06796875
5 0.5203125 0.92734375 0.03046875 0.071875
5 0.934375 0.91484375 0.02890625 0.065625