5 0.3860514439162491 0.19961332584301444 0.07022396879233561 0.032932468321116334
5 0.3899101062861495 0.2283556848775219 0.07022396879233561 0.03293246832111638
5 0.5319548433958508 0.30545949823528923 0.07022396879233561 0.03293246832111638
5 0.3977170414959714 0.43716795616484533 0.07334896879233552 0.03315098960843983
5 0.6086202419709412 0.39183975862684933 0.0700601944820761 0.029807468321116293
5 0.5399388410210015 0.45780324823528923 0.07022396879233561 0.0329324683211162
5 0.9715562539567288 0.593381571228312 0.05688749208654222 0.03605746832111638
5 0.9715938755080262 0.6231783318719738 0.056812248983947454 0.03293246832111638
5 0.9743559059805218 0.7435454621938046 0.051288188038956406 0.0329324683211162
5 0.9754835153766896 0.7716158318719738 0.049032969246620796 0.03293246832111638
5 0.8369410730423201 0.6040509094796991 0.07351274310259512 0.03627598960843983
5 0.8376747354122205 0.63301178980153 0.0700601944820761 0.029807468321116203
5 0.8409502216174106 0.69551178980153 0.0653726944820761 0.02947968639013112
5 0.8400804404097462 0.7238006807670225 0.07022396879233561 0.03293246832111638
5 0.8439800463572116 0.7533242898015299 0.07030585594746555 0.034494968321116204
5 0.7722278770899061 0.7606940294099698 0.07326708163720567 0.03158848960843983
5 0.8447137087271119 0.7822851701233609 0.07022396879233525 0.03293246832111638
5 0.6280960967867528 0.8233082799141729 0.06709896879233561 0.032713947033792934
5 0.6303922591566533 0.852159899592342 0.06553646879233561 0.03260468639013112
5 0.6226605670494264 0.6747068889486803 0.07334896879233561 0.03315098960843983
5 0.6242573665744565 0.7051756389486803 0.07022396879233561 0.0329324683211162
2 0.6274166660994867 0.7355351283050184 0.07038774310259513 0.03605746832111638
5 0.6281912720469519 0.7652772586268494 0.07022396879233561 0.0329324683211162
5 0.3368049542045561 0.6962640867387778 0.07022396879233553 0.0329324683211162
5 0.33749767299689165 0.7244437170606086 0.07022396879233561 0.03293246832111638
5 0.3490946715265536 0.9008423260951162 0.07022396879233561 0.0329324683211162
5 0.3399166660994867 0.7556390867387778 0.06709896879233561 0.032713947033792934
5 0.3413906348918222 0.7837640867387778 0.07014208163720577 0.0313699683211162