4 0.11766938275092975 0.7212373051888032 0.04186647642635144 0.09659158008391255
5 0.8084463941234693 0.8771207908903709 0.038887025640563164 0.09947978174358667
2 0.5201992615774274 0.5384321861118416 0.043720074854774894 0.10295997925407559
2 0.728157310791639 0.5573042757435238 0.04215757485477489 0.10284158008391256
2 0.7263700248119936 0.4520723240838499 0.0403767510334573 0.09803568091374952
4 0.9438122359368641 0.4739985587365102 0.04030397642635144 0.09647318091374953
3 0.7631979367226525 0.45719845458268094 0.0388142510334573 0.09791728174358649
4 0.4337264906943751 0.1192785217948316 0.0419392510334573 0.09815408008391255
2 0.510288990694375 0.12508008113281976 0.04172092721213971 0.09346658008391259
5 0.04247225206691461 0.19317058215850502 0.04030397642635144 0.09647318091374953
2 0.1893472520669146 0.20430010415382927 0.04030397642635144 0.09647318091374953
4 0.6777312018192456 0.14321754234026335 0.04499147642635144 0.09682837842423861