5 0.1390625 0.0796875 0.028125 0.06875
5 0.2296875 0.35078125 0.0296875 0.0703125
5 0.2015625 0.35078125 0.0265625 0.06875
5 0.17265625 0.6953125 0.0265625 0.06640625
5 0.059375 0.90546875 0.0265625 0.0640625
5 0.08671875 0.90546875 0.0296875 0.0625
5 0.20390625 0.7640625 0.028125 0.0640625
5 0.23203125 0.765625 0.0296875 0.06875
5 0.26328125 0.96875 0.03125 0.0625
5 0.84140625 0.8921875 0.0265625 0.06640625
5 0.68984375 0.54765625 0.028125 0.06640625
5 0.7171875 0.546875 0.028125 0.0640625
5 0.8984375 0.890625 0.028125 0.06875
5 0.925 0.88984375 0.025 0.0640625
5 0.9234375 0.9546875 0.0234375 0.06640625