5 0.3528764990679242 0.9106868547154544 0.03253070018457009 0.06989600593149917
5 0.42784171652824093 0.6381805019399852 0.03409320018457009 0.06995967292769337
5 0.21404242751015268 0.5043333784414505 0.029405700184570095 0.0697686719391104
5 0.21203054210040717 0.436269127947159 0.02930557063492074 0.06820617193911023
5 0.14431091841085403 0.504041559772101 0.03213018198597286 0.06364600593149916
5 0.3493629565060916 0.2935975138029834 0.030767941085271477 0.0667073389353046
5 0.3768383119970474 0.22119859038099837 0.028804922886674154 0.06039367193911023
5 0.4065758767718721 0.2207701674533049 0.03369268198597286 0.06370967292769344
5 0.2234956616279072 0.08958778752897958 0.030767941085271477 0.06670733893530464
5 0.2516206616279072 0.08844178159748053 0.03233044108527148 0.06677100593149905
5 0.876994208047251 0.4232731545645426 0.02920544108527139 0.06664367193911022
5 0.9042878932724264 0.4213777321311408 0.02920544108527139 0.06664367193911022