5 0.4703125 0.3828125 0.028125 0.0703125
2 0.50078125 0.3828125 0.0265625 0.0703125
5 0.0796875 0.24140625 0.0265625 0.06875
5 0.1078125 0.24375 0.028125 0.06640625
5 0.75078125 0.66328125 0.0265625 0.0640625
5 0.7796875 0.6625 0.0265625 0.0640625
5 0.4703125 0.665625 0.0265625 0.06640625
5 0.47109375 0.45234375 0.028125 0.06875
5 0.50078125 0.453125 0.03125 0.071875
5 0.04453125 0.38203125 0.0265625 0.0640625
5 0.38203125 0.24375 0.0265625 0.0703125
5 0.41015625 0.24296875 0.028125 0.06875
5 0.4390625 0.2421875 0.028125 0.06875
5 0.32265625 0.17265625 0.028125 0.06875
5 0.32265625 0.24296875 0.025 0.0640625
5 0.08359375 0.04296875 0.0265625 0.0703125
2 0.11328125 0.040625 0.0296875 0.06640625
5 0.46953125 0.03515625 0.0265625 0.06640625
5 0.49921875 0.03515625 0.0265625 0.06875
5 0.52890625 0.034375 0.028125 0.06640625
5 0.134375 0.24296875 0.0265625 0.06875
5 0.92421875 0.86796875 0.025 0.0640625