4 0.3421875 0.61171875 0.0375 0.0921875
4 0.37890625 0.61015625 0.0375 0.09296875
3 0.3046875 0.52109375 0.0375 0.08828125
4 0.265625 0.2359375 0.03671875 0.0890625
4 0.30234375 0.23671875 0.04140625 0.09140625
4 0.340625 0.23515625 0.0421875 0.08984375
4 0.378125 0.23671875 0.03671875 0.08984375
4 0.26484375 0.32578125 0.03515625 0.08671875
4 0.30234375 0.3265625 0.03984375 0.08984375
4 0.33984375 0.325 0.0390625 0.09296875
4 0.37890625 0.32421875 0.040625 0.0875
4 0.34140625 0.4140625 0.0359375 0.09140625
4 0.30234375 0.41484375 0.03984375 0.09296875
2 0.41328125 0.2390625 0.03203125 0.0875