5 0.2995095581395361 0.5062311471047524 0.04563147748246603 0.08025406603337366
5 0.43910298426541283 0.5096537974888653 0.051881477482466035 0.08058161465389269
5 0.47740761335363685 0.34192074287545243 0.05208173658176474 0.08370661465389251
5 0.5006364713086029 0.765153524987628 0.051881477482466035 0.08058161465389269
5 0.6422162947213008 0.6051687726127788 0.05354410703211539 0.08222600180902226
5 0.6326143499354016 0.4310319097679086 0.04895673658176456 0.08354284034363299
5 0.6831452760612782 0.4297869923096256 0.05520673658176456 0.08387038896415219
5 0.7524492951827262 0.7822436069635181 0.051881477482466035 0.08058161465389269
3 0.8054624760889648 0.8683349151949755 0.051981607032115205 0.08214411465389233
3 0.6969421699520135 0.6936857179993661 0.05384449568106327 0.08691350180902227
3 0.5529184669896663 0.8519851396415206 0.04875647748246603 0.08041784034363317
3 0.5438171699520135 0.6856607767966503 0.04875647748246621 0.08041784034363317
5 0.8400263317368044 0.4356729014001656 0.05540699568106362 0.08699538896415202
5 0.9874998569536736 0.6178347054477515 0.025000286092652858 0.08855788896415202
3 0.9903535491186792 0.7060340682926218 0.019292901762641534 0.08683161465389251
3 0.9607192774455541 0.9581460688026778 0.05520673658176491 0.0837078623946443
3 0.9585374113141402 0.8755786063976914 0.052181866131413915 0.08526911465389234
5 0.38317675200258483 0.34165406999010245 0.04875647748246603 0.080417840343633