3 0.35840760230295143 0.8498240409375348 0.033097765146847015 0.06627961664124982
5 0.5070227010581959 0.855622712099688 0.030209563487172984 0.0693318814588892
5 0.4788385014731144 0.8541868454584378 0.03333456348717299 0.06940461664124982
5 0.9213299643309432 0.6523607334699313 0.03333456348717299 0.06940461664125
5 0.8908612143309431 0.6516515654419104 0.03622276514684693 0.06635235182361114
5 0.704827703333281 0.5740136086605562 0.03333456348717299 0.06940461664125017
5 0.5151983635011061 0.6444676597629865 0.03357136182749905 0.07252961664124999
5 0.44851850374819957 0.5672680737069448 0.03333456348717299 0.06940461664125
5 0.42117475374819957 0.566631640861285 0.03333456348717299 0.06940461664125
5 0.45648621433094316 0.6415413750937156 0.03357136182749905 0.07252961664124999
5 0.08359744046151917 0.20783199021635426 0.03333456348717305 0.06940461664125
5 0.054809589631682185 0.20872168977951394 0.033097765146847015 0.06627961664125
5 0.33187972987877556 0.13952297378319473 0.03622276514684701 0.06635235182361114
5 0.569202131123531 0.14270709764263936 0.03622276514684693 0.06635235182361114
5 0.5403550807086125 0.14281554720579906 0.03333456348717299 0.06940461664125004