5 0.9663975874748708 0.2653125706234416 0.06720482505025842 0.02932503571381497
5 0.9655158891538932 0.23720120739291675 0.06896822169221366 0.029325035713814885
5 0.9646056809401916 0.1778125706234416 0.06973214664195523 0.02932503571381497
5 0.9627877205959052 0.14813870739291674 0.06973214664195523 0.02932503571381497
5 0.9617782921027844 0.11923245739291674 0.06984127404661714 0.032450035713814974
5 0.9607688636096636 0.09032620739291676 0.06973214664195523 0.02932503571381495
5 0.8348214664195541 0.2668495714342205 0.07598214664195524 0.02943412986961631
5 0.8338120379264332 0.2379433214342205 0.06984127404661714 0.032450035713814974
5 0.8288293828469573 0.11764445820369565 0.06973214664195523 0.02932503571381497
5 0.8278745180561675 0.09030070820369566 0.07285714664195524 0.029379582791715642
5 0.7539806610699257 0.0337427909954113 0.0696230192372937 0.02620003571381495
5 0.7529712325768048 0.009749529426159389 0.06973214664195541 0.019499058852318778