5 0.6485784005657341 0.020446250981958645 0.06577953610435347 0.026944295081343946
5 0.5790607861043535 0.02319452196100163 0.06890453610435347 0.02696247579950318
5 0.5776573673882468 0.05054736232008126 0.06891362646343317 0.028524975799503194
5 0.6487511173882468 0.050133750981958644 0.06891362646343317 0.028524975799503173
5 0.6527124304235716 0.1938655702637994 0.06577953610435347 0.026944295081343928
5 0.6536573068870049 0.22198602508425963 0.06577953610435365 0.026944295081344015
5 0.5917441559284873 0.4575104346269841 0.06420794574527378 0.025372704722264317
5 0.37612824628756686 0.4603274041799713 0.06577044574527387 0.02538179508134384
5 0.37707766793053976 0.48922910900043154 0.06579771682251279 0.030069295081343837
5 0.44127041549465285 0.1083740187395478 0.06577953610435365 0.026944295081343928
5 0.44143858713762574 0.1372802687395478 0.06892271682251269 0.03008747579950315
5 0.44790377321853814 0.5771012928418487 0.06577953610435347 0.026944295081343838
2 0.4477356015755653 0.5481950428418487 0.0642352168225127 0.030060204722264318
5 0.5913588574292976 0.6598632749860637 0.06422612646343318 0.028497704722264317
5 0.5923138660135047 0.9583053201656035 0.06578862646343317 0.02850679508134384
5 0.5895640323919203 0.48564907016560355 0.06890453610435347 0.026962475799503238
5 0.5909184958947834 0.7184615701656035 0.06421703610435348 0.026935204722264315
5 0.5918542819991369 0.7450195249860637 0.06422612646343318 0.028497704722264317
5 0.794507625088691 0.931346868664793 0.06421703610435366 0.026935204722264315
5 0.865196854109648 0.8614020073266705 0.06890453610435329 0.026962475799503238