2 0.6484141209117761 0.20744264676211444 0.05298290252860873 0.09804265785015547
2 0.9890280301495021 0.5540340096057105 0.021943939700995684 0.09749662628012441
3 0.892011531459949 0.3407156912745636 0.04703329117755643 0.10236613680346807
3 0.6695438510151357 0.41571017307047364 0.05328329117755644 0.10273015785015538
3 0.1499904194905882 0.49441639988706054 0.056808809376153846 0.10916216837349921
2 0.0968654194905882 0.49132222099021766 0.055646827574751125 0.1153211631118273
3 0.4429756492894061 0.1838022074831022 0.05308303207825791 0.09960515785015547
3 0.4970320936138801 0.18928563901078096 0.05192105027685514 0.10576415258848364
3 0.504622152990034 0.2955811416416169 0.05328329117755644 0.10273015785015546
3 0.5570159677648586 0.29941106790762384 0.05953329117755644 0.10309417889684287
5 0.7175004896640836 0.4231733335514651 0.05464553207825791 0.0996961631118273
5 0.904138896511629 0.4449404596904151 0.04663277297895903 0.09611613680346806
2 0.07029151603912895 0.0523507262518895 0.0561079025286086 0.09822466837349916