4 0.34140625 0.83828125 0.03671875 0.0890625
4 0.3796875 0.8375 0.0390625 0.0890625
4 0.41640625 0.83671875 0.03828125 0.08828125
4 0.41796875 0.746875 0.0375 0.0890625
4 0.26640625 0.83984375 0.0375 0.0890625
4 0.30390625 0.8390625 0.03828125 0.08984375
4 0.30390625 0.74921875 0.03984375 0.0875
4 0.38046875 0.74765625 0.03515625 0.08671875
4 0.30546875 0.44609375 0.0421875 0.09375
4 0.38125 0.4453125 0.03984375 0.0921875
2 0.42109375 0.4453125 0.040625 0.090625
4 0.41953125 0.5515625 0.03515625 0.0890625
4 0.30546875 0.246875 0.0390625 0.09296875
4 0.3453125 0.246875 0.040625 0.09375
4 0.38359375 0.24453125 0.03828125 0.09609375
2 0.421875 0.2453125 0.0390625 0.09609375
2 0.30546875 0.1546875 0.0421875 0.08828125