5 0.5844519996214819 0.829741966350991 0.02750993030721922 0.07289367193911041
5 0.1594792152384277 0.3549528023577272 0.028963302902557643 0.0698323389353046
5 0.18690481079192398 0.35618237992432533 0.03041667549789593 0.06677100593149898
5 0.1631300380112512 0.5715182198482132 0.029017866604888542 0.0713948389353046
5 0.19206356986241663 0.571121630418617 0.028963302902557685 0.0698323389353046
2 0.24717267739681245 0.4241392010651328 0.030580366604888453 0.07145850593149916
5 0.2759970818433162 0.4206176116355366 0.03365080290255769 0.07002333992388773
5 0.3678175380112513 0.5631778433467479 0.030580366604888453 0.07145850593149916
5 0.7013840061600858 0.5488036896592453 0.03365080290255769 0.07002333992388791
5 0.42484878801125125 0.5608539979856526 0.028854175497895974 0.0667073389353046
5 0.45450900616008577 0.5588630750579592 0.030525802902557686 0.06989600593149899
5 0.672423192457755 0.5484190290888415 0.03041667549789597 0.06677100593149898
5 0.6514733193142626 0.7550337850203406 0.028854175497895974 0.0667073389353046
5 0.7117684677703164 0.8237718561611482 0.029017866604888455 0.0713948389353046
5 0.7406201540679855 0.8210315167315517 0.03041667549789597 0.06677100593149916
5 0.7951414737607662 0.7468326713704566 0.027400802902557687 0.06976867193911022
5 0.8450521606065895 0.5406025760093612 0.028854175497895797 0.0667073389353046
5 0.8723959106065895 0.5394884035759594 0.03047123920022656 0.06833350593149916
5 0.9575521606065894 0.5360185522833651 0.028799611795565026 0.06514483893530461
2 0.9848301455032381 0.5341231298499632 0.03033970899352383 0.06677100593149898
5 0.8232664737607662 0.7456866654389576 0.030580366604888453 0.07145850593149916