5 0.4941591814464526 0.20714440856964522 0.0707166915859112 0.03293246832111638
5 0.49124734889504873 0.1766210282478144 0.07249771287323466 0.03616672896477806
5 0.42918402749150975 0.2896730492830363 0.0722791915859112 0.033041728964778014
5 0.4271627055837676 0.2607667992830363 0.07249771287323466 0.03616672896477802
5 0.44061819024852894 0.4420714296048672 0.0722791915859112 0.033041728964778014
5 0.4384329773752942 0.4108214296048672 0.07249771287323484 0.03616672896477802
5 0.3023369402485289 0.4324018626408036 0.07384169158591121 0.03315098960843983
5 0.29947973801895594 0.4026597323189728 0.0722791915859112 0.033041728964778014
5 0.2944373229161483 0.3416676019971419 0.07406021287323465 0.03627598960843983
5 0.29230674036474447 0.3111988519971419 0.07249771287323466 0.03616672896477802
5 0.2901761578133406 0.2807301019971419 0.07384169158591121 0.03315098960843983
5 0.28664696622742936 0.2524958413534802 0.07384169158591121 0.03315098960843983
5 0.21762916845700236 0.2772119820668712 0.07249771287323466 0.03616672896477811
5 0.07204923466476126 0.18540190445914592 0.07071669158591123 0.032932468321116334
5 0.07412518689433423 0.21508940445914596 0.07071669158591125 0.03293246832111638
5 0.0828878177203682 0.36263639381548424 0.0740602128732347 0.03627598960843983
5 0.08326487613445696 0.33467528478097675 0.07227919158591123 0.033041728964778014
5 0.08113429358305313 0.30420653478097676 0.0724977128732347 0.03616672896477802
5 0.07833172167531102 0.27524565445914595 0.07384169158591122 0.03315098960843983
5 0.10824200486680398 0.6473938060683002 0.0707166915859112 0.0329324683211162
5 0.10543943295906186 0.6184329257464694 0.07071669158591125 0.03293246832111638