5 0.22578125 0.37421875 0.02734375 0.06953125
5 0.2546875 0.3765625 0.02734375 0.06796875
5 0.34140625 0.5140625 0.02890625 0.06796875
5 0.46328125 0.3734375 0.02890625 0.071875
5 0.4328125 0.5859375 0.02578125 0.06953125
5 0.49375 0.5140625 0.02890625 0.06796875
5 0.659375 0.94375 0.03046875 0.06796875
5 0.6890625 0.9421875 0.02890625 0.06796875
5 0.809375 0.94140625 0.02734375 0.06796875
5 0.8375 0.9421875 0.02734375 0.06796875
5 0.66015625 0.80234375 0.03046875 0.071875
5 0.6890625 0.8015625 0.02578125 0.06796875
5 0.7515625 0.8015625 0.02578125 0.0640625
5 0.7796875 0.79921875 0.02890625 0.06796875
5 0.809375 0.8015625 0.03046875 0.06796875
5 0.81171875 0.7296875 0.02734375 0.071875
5 0.83828125 0.80078125 0.02890625 0.06796875
5 0.8640625 0.5828125 0.02890625 0.065625
5 0.89296875 0.58359375 0.02734375 0.0640625
5 0.715625 0.58515625 0.02890625 0.071875
5 0.74609375 0.58515625 0.02734375 0.06796875
2 0.7765625 0.58671875 0.03046875 0.06796875
5 0.80625 0.5859375 0.02890625 0.06796875
5 0.7171875 0.29921875 0.02734375 0.06796875
5 0.7453125 0.2984375 0.02734375 0.06796875
5 0.921875 0.30078125 0.02734375 0.06796875
5 0.7765625 0.29921875 0.02734375 0.065625
5 0.8046875 0.29921875 0.02578125 0.06796875