5 0.02421875 0.0734375 0.025 0.06640625
5 0.05 0.071875 0.0265625 0.06875
5 0.51796875 0.26953125 0.0265625 0.06875
5 0.31796875 0.478125 0.0265625 0.06875
5 0.346875 0.47734375 0.0296875 0.071875
5 0.16171875 0.409375 0.0265625 0.06875
5 0.21953125 0.41015625 0.0234375 0.06640625
5 0.21953125 0.47734375 0.0265625 0.06875
5 0.24609375 0.41015625 0.028125 0.06640625
5 0.24609375 0.478125 0.0265625 0.0703125
5 0.54609375 0.26875 0.0265625 0.06640625
5 0.24609375 0.615625 0.028125 0.06640625
5 0.375 0.61640625 0.0265625 0.06640625
5 0.31796875 0.684375 0.0265625 0.0640625
5 0.46328125 0.68671875 0.028125 0.0640625
5 0.3453125 0.8890625 0.0265625 0.0609375
5 0.51953125 0.890625 0.025 0.0640625
5 0.63515625 0.8921875 0.025 0.0640625
5 0.103125 0.88359375 0.0265625 0.0640625
5 0.13046875 0.8859375 0.028125 0.0625
5 0.37265625 0.88984375 0.0296875 0.0640625
5 0.54609375 0.890625 0.0265625 0.0640625
5 0.04453125 0.88359375 0.0265625 0.0640625
2 0.66171875 0.89375 0.028125 0.06640625
2 0.4890625 0.6875 0.0265625 0.06875
5 0.403125 0.61640625 0.028125 0.06875