5 0.115625 0.08046875 0.02734375 0.071875
5 0.2609375 0.21328125 0.02734375 0.071875
5 0.290625 0.2890625 0.02890625 0.06796875
5 0.32109375 0.290625 0.0296875 0.0671875
5 0.7859375 0.07890625 0.02890625 0.06953125
5 0.81484375 0.08046875 0.02734375 0.06953125
5 0.940625 0.43125 0.02890625 0.06953125
5 0.3484375 0.496875 0.03203125 0.07421875
5 0.14140625 0.42421875 0.02734375 0.06953125
5 0.1703125 0.425 0.03046875 0.071875
5 0.34609375 0.85703125 0.02890625 0.06796875
5 0.378125 0.85859375 0.02890625 0.06953125
5 0.16953125 0.859375 0.02890625 0.06796875
5 0.19765625 0.85859375 0.02890625 0.065625
5 0.16875 0.92578125 0.03203125 0.0640625
5 0.19921875 0.9234375 0.02890625 0.06484375
5 0.615625 0.921875 0.02734375 0.06953125
5 0.64453125 0.92109375 0.02890625 0.06796875
5 0.82109375 0.9203125 0.03046875 0.06796875
5 0.88046875 0.9203125 0.02734375 0.06171875
5 0.90703125 0.92109375 0.02421875 0.0640625