5 0.8916462624360136 0.7995422629259433 0.07014208163720567 0.029363847832553348
5 0.8900904064885482 0.7698547629259433 0.06726274310259513 0.03392401384016441
5 0.6820599004956545 0.8167284684397005 0.0669351944820761 0.02767401384016459
5 0.6193119962663545 0.9937154730982896 0.06709896879233561 0.01256905380342097
5 0.6194414710515839 0.9755503701128557 0.07030585594746519 0.03248884783255335
5 0.6782078821782888 0.7581028849416033 0.07022396879233561 0.030926347832553346
5 0.605510688600724 0.754361119618564 0.07022396879233561 0.030926347832553346
5 0.6048179698083883 0.7262679531166614 0.07038774310259513 0.03405134783255335
5 0.6548667209400421 0.32760230144350616 0.07022396879233561 0.03092634783255317
5 0.6517893085701416 0.2986323844473117 0.06709896879233561 0.030799013840164414
3 0.8815232326986872 0.6510092624316518 0.06718085594746519 0.03236151384016441
5 0.1744853386461524 0.6518237796574953 0.06718085594746528 0.03236151384016459
5 0.19223716191561518 0.8864216141441755 0.07006019448207601 0.027801347832553346
5 0.18833755596814988 0.856638613649884 0.07038774310259503 0.03405134783255335
5 0.2331355630926975 0.4024087114824372 0.07022396879233553 0.030926347832553346
5 0.2299762635676673 0.3718762944862428 0.07022396879233553 0.03092634783255317
2 0.22998290762020202 0.34225246148243726 0.07022396879233553 0.03092634783255326
5 0.2276867452503016 0.31331437798434003 0.06709896879233553 0.030799013840164414
5 0.22216268430531075 0.19303371148243725 0.06553646879233552 0.030735346843970036