5 0.6217618414303547 0.45914177687220603 0.06770095222957302 0.03197917549789597
5 0.6230019133380968 0.4302628087233714 0.0707166915859112 0.030525802902557686
5 0.6062357583747479 0.6365946542768677 0.07082595222957302 0.03208830290255769
5 0.6082570802824899 0.6076884042768678 0.0707166915859112 0.030525802902557686
2 0.3201618645592636 0.7042559025475872 0.0707166915859112 0.030525802902557686
2 0.4023073650634667 0.5548709722403677 0.06748243094224957 0.028854175497895974
5 0.4036020672930397 0.5252107540915333 0.0707166915859112 0.030525802902557686
5 0.5743287386000336 0.20127720237010188 0.0674824309422494 0.028854175497895974
5 0.5763500605077757 0.17237095237010194 0.06591993094224957 0.028799611795565117
5 0.35975814020918795 0.20487346144059462 0.06591993094224949 0.028799611795565026
5 0.3608889514732684 0.17755699329176006 0.0707166915859112 0.030525802902557686
5 0.587423590345074 0.009024020059524948 0.06602919158591121 0.018048040119049896
2 0.4360799756105834 0.11648059483570608 0.06602919158591121 0.030362111795565118
5 0.4380466671964946 0.08835559483570608 0.06602919158591121 0.030362111795565094
5 0.5351420083747478 0.6390773027329216 0.07060743094224939 0.028963302902557685
5 0.5379992106043208 0.6093625208817561 0.07238845222957302 0.03214286660488845