2 0.12645743998973727 0.15827488047912736 0.07056703005422929 0.04702485731976358
2 0.12383188885826912 0.20660321856846858 0.0721386204133089 0.048660131926869445
2 0.457352395104785 0.36905198448912213 0.07838862041330899 0.04895123035529281
2 0.3737404643866259 0.3682835430089587 0.07839771077238851 0.05051373035529281
5 0.865738108607648 0.15519726964019792 0.06899543969514994 0.045389582712657715
2 0.8638983526557198 0.20278074503309207 0.0721477107723885 0.050222631926869446
4 0.7066080274219506 0.2399981470189534 0.07681703005422928 0.04731595574818694
2 0.6211790666495621 0.2829069309316842 0.07056703005422929 0.04702485731976358
2 0.5392437863007452 0.12826862675507372 0.07838862041330899 0.04895123035529285
2 0.3765558712970717 0.5559654795267234 0.07523634933607007 0.044118181141081084
6 0.5381615126894237 0.44861751405862665 0.8787522347764936 0.14871182919349196
2 0.7752388109922214 0.532335504338717 0.07527271077238851 0.05036818114108108
2 0.4575331605246832 0.6066247590962279 0.07054884933607006 0.04389985731976367
5 0.5359172357584523 0.5657322394515208 0.06900453005422928 0.046952082712657627
5 0.8463456756499937 0.6677143862655864 0.06742384933607007 0.04375430810555194
5 0.6978905158126816 0.5295144112869771 0.07525453005422929 0.04724318114108108
5 0.9223769105246831 0.6282752047102205 0.06896816861791066 0.04070208271265763
5 0.7074625211754346 0.0931231470189534 0.07527271077238851 0.050368181141081145
5 0.37432224736772135 0.2682835430089587 0.07526362041330899 0.04880568114108117
5 0.290737587726801 0.26282760152879536 0.0768261204133089 0.048878455748186944
5 0.21510528688992042 0.5023395576912671 0.07371930113146812 0.051857906533975394
2 0.9182070401113742 0.6734057681924559 0.06895907825883114 0.039139582712657627
5 0.20748979225267358 0.06514777274507903 0.07526362041330889 0.04880568114108115