4 0.8009270549035472 0.6915285678209523 0.03864068874502422 0.106288541356329
4 0.8399577214054501 0.6925666829985987 0.04332818874502422 0.1065068651776464
4 0.76339522140545 0.6890007272504117 0.041702021748829844 0.10487159057054055
4 0.36113108996106885 0.44257291356328865 0.03701452174882984 0.10465326674922296
4 0.32210042345916606 0.4415347983856422 0.04013952174882984 0.10479881596343468
4 0.28538167345916604 0.43982459511865457 0.04176568874502422 0.10643409057054054
4 0.7502254234591661 0.4614750407326471 0.0433918557412186 0.1080693651776464
4 0.7876617564629717 0.46165913130318775 0.04157468775644091 0.10174659057054072
1 0.8259111729648744 0.4626608591772812 0.04182935574121842 0.10799659057054053
1 0.8161767342198502 0.3577186480524107 0.04176568874502422 0.10643409057054054
1 0.3510862920147849 0.2151927762597357 0.045018022737412976 0.10970463978475227
4 0.3113380425090765 0.2156807737785363 0.0418293557412186 0.10799659057054053