5 0.38984375 0.690219205397641 0.028125 0.0695683539192082
5 0.0859375 0.9053119741357525 0.028125 0.0695683539192082
5 0.59921875 0.6864707651102018 0.028125 0.0726933539192082
5 0.56875 0.6850135651893441 0.03125 0.07590928213245363
5 0.53828125 0.6859001152684863 0.028125 0.0695683539192082
5 0.51015625 0.6874997191876947 0.028125 0.0695683539192082
5 0.84921875 0.6018527580505728 0.028125 0.07113085391920819
5 0.88125 0.3907644938648079 0.028125 0.0695683539192082
5 0.8234375 0.4651029158098471 0.028125 0.0695683539192082
5 0.96796875 0.46011623594724904 0.028125 0.06644335391920819
5 0.56953125 0.40061583313603266 0.028125 0.0695683539192082
5 0.44921875 0.40099156934597924 0.028125 0.0695683539192082
5 0.4203125 0.4026139053184988 0.028125 0.0695683539192082
5 0.65625 0.17856132521847393 0.028125 0.06488085391920824
5 0.6265625 0.17864389324430485 0.028125 0.06956835391920828
5 0.60078125 0.3989253010035791 0.028125 0.06956835391920828
2 0.540625 0.3983319191085523 0.028125 0.0695683539192082
5 0.509375 0.40002245124100594 0.028125 0.0695683539192082
2 0.765625 0.4644413377548863 0.028125 0.06644335391920819
5 0.56640625 0.18508176134927806 0.028125 0.06956835391920828
5 0.53671875 0.18360182937510902 0.028125 0.06956835391920828
5 0.50625 0.18448837945425128 0.028125 0.06644335391920828
5 0.4765625 0.18457094748008224 0.028125 0.06488085391920828
5 0.6609375 0.03936243289860588 0.028125 0.06956835391920826
5 0.6296875 0.039490465031059505 0.03125 0.06965928213245362
5 0.509375 0.04142870124100596 0.028125 0.06956835391920826
5 0.48125 0.04224705516021422 0.028125 0.06956835391920826
5 0.046875 0.27519857680131954 0.028125 0.06644335391920828
5 0.1640625 0.05772626880461849 0.028125 0.06644335391920826
5 0.13671875 0.057740640670515396 0.028125 0.06488085391920825
5 0.2703125 0.4788534595542762 0.028125 0.06644335391920819
5 0.19765625 0.47940504051223076 0.028125 0.0695683539192082
5 0.1984375 0.4106323084589195 0.028125 0.0726933539192082