5 0.5078125 0.26796875 0.078125 0.03984375
5 0.51171875 0.4078125 0.078125 0.04609375
5 0.68203125 0.45703125 0.08125 0.04609375
5 0.25859375 0.453125 0.07890625 0.04609375
5 0.4265625 0.60546875 0.0796875 0.0484375
5 0.60078125 0.60703125 0.08046875 0.04453125
5 0.6046875 0.6578125 0.08125 0.04921875
5 0.2546875 0.7046875 0.07890625 0.04609375
3 0.17109375 0.75234375 0.07890625 0.046875
3 0.340625 0.6546875 0.08359375 0.0484375
3 0.17421875 0.5 0.07890625 0.04296875
3 0.340625 0.5015625 0.078125 0.04453125
5 0.60703125 0.81484375 0.08359375 0.04921875
5 0.4328125 0.96640625 0.0859375 0.05
3 0.34453125 0.96484375 0.08359375 0.04609375
3 0.0890625 0.90234375 0.08203125 0.05
3 0.171875 0.90546875 0.08359375 0.046875
5 0.67734375 0.3625 0.07890625 0.04375