5 0.9914496785355299 0.4171875 0.017100642928940247 0.06875
5 0.7669122585223385 0.4171875 0.029017866604888455 0.0703125
5 0.738033290373504 0.41796875 0.03208830290255769 0.06875
5 0.5200372585223385 0.4171875 0.03208830290255769 0.06875
5 0.34584579037350394 0.41796875 0.029017866604888542 0.0703125
5 0.5402877272193273 0.2140625 0.028854175497895974 0.065625
5 0.6080902969121078 0.1421875 0.030580366604888453 0.0703125
5 0.47684029691210783 0.1421875 0.028854175497895974 0.065625
2 0.45027779691210784 0.1421875 0.03041667549789597 0.065625
2 0.36685022721932725 0.2140625 0.027455366604888544 0.0703125
2 0.31782991777816566 0.42109375 0.027455366604888544 0.0703125
2 0.49196682222466936 0.41875 0.028854175497895974 0.065625
2 0.824752040373504 0.41796875 0.028963302902557685 0.06875
2 0.9156275554344464 0.559375 0.028799611795565026 0.0640625
2 0.9430258691367772 0.5609375 0.030416675497895795 0.065625
5 0.9932478080707762 0.6296875 0.01350438385844761 0.0640625
5 0.23111116777816565 0.42109375 0.028854175497895974 0.065625
5 0.20301344962933107 0.421875 0.030525802902557686 0.06875
5 0.3949206635169964 0.2125 0.030580366604888453 0.0703125