5 0.7296503493154279 0.05887032010104106 0.031053681824942104 0.07252961664125002
5 0.975903266805914 0.057048674490103354 0.030926347832553346 0.06940461664125004
5 0.9485276833078167 0.0569038573357631 0.030926347832553346 0.06940461664125001
5 0.5875649614824372 0.19902580746760368 0.031053681824942104 0.07252961664124999
5 0.5585897272997681 0.27477134308680506 0.030926347832553346 0.06940461664125
5 0.5319953938016708 0.2746083421368746 0.027928681824942105 0.07245688145888893
5 0.05806185079830275 0.08153963430868051 0.032488847832553215 0.06944098423243059
5 0.03149935079830275 0.08215788335874999 0.029363847832553226 0.06936824905006947
5 0.5131830212917193 0.48461977498253433 0.027674013840164415 0.06620688145888884
5 0.7172537559686801 0.40714481915111056 0.03092634783255317 0.06940461664125017
5 0.6876299229648745 0.40939830338354105 0.03717634783255317 0.06955008700597229
5 0.9733074377936222 0.4731282693798603 0.031053681824942104 0.07252961664125017
5 0.943619937793622 0.47381925361229094 0.030799013840164237 0.06627961664125018
5 0.7077367649031097 0.8452812519967704 0.030799013840164414 0.06627961664124982
5 0.6787986814050125 0.8451728024336106 0.03248884783255317 0.06944098423243047
5 0.7081625292375657 0.9133045533835411 0.031053681824942104 0.07252961664124982
5 0.6801011962337601 0.9155216700247912 0.031053681824942104 0.07252961664124982
5 0.5264230979069153 0.847937392573715 0.03236151384016441 0.06631598423243049
5 0.49664009741262377 0.8462846268061455 0.03248884783255335 0.06944098423243047
5 0.26344027824898253 0.9189636330744095 0.030735346843970036 0.06471711664125017
5 0.06187777824898257 0.9236550523367015 0.03079901384016446 0.06627961664124982