5 0.3546875 0.3758278869830395 0.028125 0.0710458236374217
5 0.38359375 0.37896873349927845 0.0296875 0.07117336939505617
5 0.17734375 0.36525769349151976 0.0296875 0.07273586939505616
5 0.17890625 0.4356977392491543 0.0265625 0.07091827787978708
5 0.20859375 0.43812110864421044 0.0296875 0.07117336939505617
5 0.2078125 0.3677448357653932 0.028125 0.07260832363742162
2 0.12109375 0.6419160462166765 0.0265625 0.07248077787978709
5 0.2671875 0.5811853245555055 0.0265625 0.06779327787978709
5 0.29609375 0.5827636710717444 0.028125 0.07104582363742154
5 0.81953125 0.48017899987931384 0.0265625 0.06779327787978709
5 0.87578125 0.48398939715415706 0.0265625 0.06935577787978708
5 0.903125 0.48778394791276136 0.028125 0.07104582363742154
5 0.64609375 0.46680267078188037 0.028125 0.06792082363742154
5 0.6171875 0.46288057426564144 0.0265625 0.06779327787978709
5 0.6203125 0.6787606657809105 0.0265625 0.06779327787978709
5 0.7359375 0.6147615518458662 0.0296875 0.07273586939505616
2 0.70703125 0.6131832053296272 0.0296875 0.07273586939505616
5 0.6484375 0.6810564894183322 0.0296875 0.07117336939505617