5 0.82421875 0.365625 0.0265625 0.06875
2 0.85234375 0.3640625 0.0265625 0.06875
5 0.4265625 0.22265625 0.028125 0.0640625
5 0.45625 0.22265625 0.028125 0.06875
5 0.7921875 0.6453125 0.028125 0.0625
5 0.82109375 0.64453125 0.025 0.0625
5 0.3953125 0.36328125 0.0265625 0.06640625
5 0.82421875 0.4359375 0.0265625 0.06640625
5 0.85234375 0.43359375 0.0265625 0.06875
5 0.73203125 0.22734375 0.0265625 0.06640625
5 0.76328125 0.22734375 0.0265625 0.06640625
5 0.790625 0.2265625 0.028125 0.0640625
5 0.6765625 0.15625 0.025 0.0703125
5 0.67421875 0.225 0.025 0.06875
5 0.48515625 0.2234375 0.028125 0.06640625
5 0.3390625 0.2234375 0.0296875 0.071875