3 0.82890625 0.25078125 0.034375 0.08828125
3 0.55625 0.55390625 0.0375 0.0875
3 0.59453125 0.5546875 0.034375 0.08671875
3 0.6328125 0.55390625 0.03515625 0.08828125
3 0.634375 0.4609375 0.0375 0.084375
3 0.9421875 0.459375 0.03515625 0.08515625
3 0.2765625 0.7671875 0.0390625 0.0890625
3 0.54921875 0.76484375 0.03828125 0.08671875
3 0.471875 0.8578125 0.03203125 0.08046875
3 0.39296875 0.8578125 0.03984375 0.08125
2 0.89140625 0.85234375 0.034375 0.08359375
3 0.93359375 0.76171875 0.040625 0.08515625