4 0.8697304784929397 0.4220164870076101 0.0944591120127086 0.04389882213985139
2 0.8703986801972231 0.3837352370076101 0.09448638555165942 0.0454613221398513
4 0.8643712280891981 0.72904773700761 0.09435001785690744 0.03764882213985139
4 0.770621228089198 0.7257739148677588 0.09133411201270877 0.04378969473518968
3 0.6755595129889388 0.3050124923650877 0.08653751785690744 0.03737600362819702
3 0.5852538871765123 0.19398073392756723 0.09435001785690744 0.037648822139851344
3 0.5841123526805132 0.3041642657787326 0.09127956493480802 0.040664694735189674
4 0.6784425998378442 0.05027042866275686 0.08810001785690744 0.03743056733052792
2 0.31773200731019124 0.741227723042976 0.09437729139585782 0.03921132213985139
2 0.32152520901447457 0.7030556004476377 0.09429547077900687 0.03452382213985139
2 0.21132804870604902 0.7015526094333124 0.09278751785690745 0.03759425843752044
2 0.13025887540868475 0.4196453558051153 0.09440456493480816 0.04077382213985139
4 0.12855605357401773 0.38284476025161907 0.09593979139585782 0.03926588584218216