5 0.07594141439636734 0.9002845978092493 0.06686216832079958 0.027707988635914303
5 0.07463147146846191 0.9284095978092493 0.06686216832079958 0.027707988635914303
5 0.1431781102197569 0.9818561517870089 0.06678939371369372 0.026145488635914305
5 0.14812893755573114 0.8420396753259591 0.06998716832079958 0.027762535713814884
5 0.15022013048363658 0.8139010385564841 0.07005994292790545 0.029325035713814885
5 0.3450873666298977 0.9541327520318902 0.06686216832079958 0.027707988635914303
5 0.3479234222542502 0.9267617284929399 0.06693494292790544 0.029270488635914305
5 0.35536354880443616 0.7837793417234646 0.06693494292790544 0.029270488635914305
2 0.35823599173234155 0.7556270681845143 0.07013271753501123 0.030887535713814883
5 0.36071248242671666 0.6689355917234646 0.06522689371369372 0.026118215096963836
2 0.3620224253546221 0.6408105917234647 0.07005994292790536 0.029325035713814885
5 0.5166822700589918 0.21970143060426026 0.0652996683207995 0.027680715096963925
5 0.7175105618296055 0.3325075734628154 0.0637371683207995 0.027653441558013546
5 0.7188932793646169 0.30282007346281536 0.0637371683207995 0.027653441558013546