5 0.8789785135777027 0.47826944079655276 0.0702970894484217 0.029363847832553348
5 0.88057110565696 0.45092569079655276 0.0702970894484217 0.029363847832553348
5 0.7599379001694093 0.20951282912383498 0.07185958944842134 0.029427514828747548
5 0.694585186930525 0.12149156429508738 0.06560958944842135 0.029172846843970035
5 0.5509115106645182 0.16810528463759217 0.06560958944842135 0.029172846843970035
5 0.5525496053746114 0.13998028463759216 0.06717208944842135 0.029236513840164412
5 0.48211600803368204 0.16608518680503895 0.06717208944842135 0.029236513840164412
5 0.4653857214137407 0.3995516028126501 0.06560958944842135 0.029172846843970035
5 0.48448985011293944 0.13877327030313613 0.07029708944842135 0.029363847832553257
5 0.2675537081183867 0.24661630931499046 0.06717208944842143 0.029236513840164412
5 0.27890000277201027 0.15937097729976804 0.06560958944842143 0.029172846843970035
5 0.28136485011293944 0.13049656079786526 0.06570059471009326 0.030735346843970036
5 0.2830484474538687 0.10159031079786525 0.06560958944842143 0.029172846843970035
5 0.13208591595442476 0.1792311966536896 0.06560958944842143 0.029172846843970035
5 0.71795292441163 0.795913244142863 0.06717208944842135 0.029236513840164412
5 0.8645765664061826 0.6852051903022611 0.07029708944842135 0.02936384783255317
5 0.8654789137471119 0.6562671068041639 0.06726309471009344 0.030799013840164414
5 0.6888441501694091 0.2066159807969902 0.0702060841867496 0.02780134783255326