5 0.8977817187438213 0.9640213833470493 0.06608865016215545 0.03115144703379258
5 0.8982726424449275 0.9882853299150766 0.06608865016215582 0.023429340169846925
5 0.827254984572134 0.9021280347041021 0.06921365016215582 0.0313699683211162
5 0.8259828108710277 0.8739484043822714 0.06924092370110628 0.0329324683211162
5 0.6269294764544591 0.9940140289165056 0.06608865016215582 0.011971942166988825
5 0.6248896895228281 0.9761507707062458 0.06611592370110611 0.032713947033792934
5 0.621612910708872 0.833127390384415 0.06611592370110611 0.032713947033792934
2 0.619559487007766 0.8048931297407531 0.0692681972400564 0.034494968321116204
5 0.6196083055960221 0.718283640384415 0.06449887662320535 0.02947968639013112
2 0.6191173818949159 0.6901586403844149 0.0692409237011061 0.03293246832111638
5 0.4766518234562248 0.2619575947076748 0.06452615016215582 0.03104218639013112
5 0.27243370210802514 0.3639414397443258 0.06296365016215581 0.030932925746469397
5 0.27191550486796867 0.3342539397443258 0.06296365016215581 0.030932925746469397