2 0.51015625 0.1890625 0.03515625 0.09140625
4 0.83671875 0.1875 0.03828125 0.08515625
2 0.54765625 0.28125 0.03671875 0.0921875
4 0.471875 0.28125 0.03828125 0.09453125
4 0.54765625 0.37421875 0.03515625 0.09296875
2 0.54765625 0.1890625 0.0375 0.09140625
4 0.546875 0.4875 0.0375 0.10234375
4 0.5421875 0.69296875 0.0375 0.103125
2 0.540625 0.78984375 0.0359375 0.08671875
2 0.58046875 0.790625 0.04140625 0.08828125
5 0.58125 0.69375 0.04296875 0.10390625
2 0.53828125 0.90390625 0.03671875 0.1078125