2 0.43313747593955954 0.8194877544609316 0.04071211733238052 0.09122501785690744
4 0.1064657152958978 0.8153500848203106 0.04496257475773371 0.08505683847375849
2 0.40208385391560186 0.7266456895261234 0.043946377976042325 0.09284206493480802
4 0.4778651039156019 0.7279684561652149 0.04405563861970414 0.0944045649348082
4 0.4085848622134751 0.6336769395261234 0.04093063861970414 0.09435001785690744
2 0.3956374759395595 0.8188331895261236 0.043837117332380604 0.09127956493480838
4 0.41728750887895094 0.5204093262955987 0.044711202481674484 0.10377956493480803
4 0.43634278352046907 0.3150223969124496 0.044711202481674484 0.1037795649348082
2 0.44467944342749666 0.21817467045139996 0.042056096045057244 0.08812729139585782
2 0.4048903237493275 0.21669794520816626 0.04830609604505724 0.08823638555165916
5 0.3973349138422999 0.31355930843869106 0.05096120248167448 0.10388865909060954
2 0.45499922041480334 0.10415308075982546 0.045038984412659744 0.10846706493480815