3 0.70546875 0.15703125 0.02890625 0.065625
5 0.55703125 0.1546875 0.02578125 0.06796875
5 0.58515625 0.15546875 0.02890625 0.06796875
5 0.1265625 0.36796875 0.02734375 0.06796875
5 0.15703125 0.36796875 0.03046875 0.065625
5 0.3375 0.44140625 0.02890625 0.06953125
5 0.5328125 0.36640625 0.02890625 0.071875
5 0.59375 0.4421875 0.02734375 0.06796875
5 0.62109375 0.4421875 0.02734375 0.06953125
5 0.59140625 0.36796875 0.02890625 0.071875
5 0.93203125 0.79375 0.02734375 0.06953125
5 0.9609375 0.7921875 0.02734375 0.065625
5 0.678125 0.86796875 0.03046875 0.065625
5 0.440625 0.8703125 0.03046875 0.065625
5 0.46953125 0.86953125 0.02734375 0.06796875