2 0.521747655431081 0.13313316952544071 0.04905912628012423 0.041326372729036054
2 0.47147463964606545 0.14190213376974586 0.048877115756780755 0.03820137272903605
2 0.6185771528002452 0.12600658255209954 0.05182010523343692 0.03533146424430513
2 0.23355189248866295 0.3821437228691189 0.04869510523343701 0.03507637272903601
2 0.04606803206414128 0.503970280754725 0.03950211575678068 0.03743609818322895
2 0.06097821345064573 0.301371439239456 0.040973610495108836 0.0360011439408634
2 0.3777400501976441 0.17598983347018343 0.05025760523343692 0.03520391848667059
2 0.32893852915095667 0.186193751956854 0.048877115756780755 0.03820137272903605
6 0.2982781902672326 0.8060598418051331 0.07078002076433876 0.3074615557595742
6 0.3494381428415988 0.7420134461972798 0.05982856826055975 0.1728314642443051
2 0.7434428319794367 0.3584050101226259 0.05338260523343692 0.03545901000193972
2 0.801435155431081 0.11030247890885889 0.055127115756780753 0.03871155575957421