1 0.7044938592855022 0.3440985152371408 0.04487724267981754 0.09738407733927242
1 0.659971699952275 0.34383543324318594 0.044859061346272 0.0958215773392725
1 0.6138870406190476 0.34359053258277655 0.03859088001272663 0.09418635200509069
1 0.567002949952275 0.34491722258914 0.044859061346272 0.0958215773392725
1 0.4763234059516385 0.3506592399347757 0.04480451734563573 0.0911340773392725
1 0.4294938592855022 0.34729842994113913 0.044822698679181275 0.0926965773392725
1 0.37947567795195675 0.34944273261459335 0.047893154678544825 0.08804544000636341
1 0.2919938592855022 0.34889838729313827 0.044822698679181275 0.0926965773392725
7 0.362085827319387 0.24811658995068409 0.724171654638774 0.10220432009863183
1 0.4210519139083678 0.6700092239417754 0.04491360534690845 0.10050907733927232
1 0.3288462325748224 0.6726444226209567 0.04491360534690845 0.1005090773392725
1 0.14371725457514056 0.6724551606460919 0.05114542401336304 0.09901930267345413
1 0.0507575952419133 0.6727556999920459 0.04796588001272668 0.0942954400063634
1 0.6984138452419133 0.665219537237459 0.04487724267981754 0.0973840773392725
1 0.5621138132559127 0.563694494589458 0.05112724267981754 0.09745680267345413
1 0.4706802912555945 0.5671018526018667 0.05428860534690845 0.10061816534054521
1 0.3808092692552763 0.5704910292807297 0.04807496801399935 0.10367044000636341
2 0.2863052912555945 0.569247249960229 0.05112724267981754 0.09745680267345413
2 0.6527206319223672 0.5642024772438223 0.04484088001272664 0.0942590773392725