5 0.5546875 0.14765625 0.025 0.071875
5 0.146875 0.6390625 0.0265625 0.06875
5 0.17421875 0.63671875 0.028125 0.06640625
5 0.14296875 0.42265625 0.0265625 0.0703125
5 0.171875 0.421875 0.0265625 0.06875
2 0.23203125 0.56640625 0.028125 0.0703125
5 0.2609375 0.56875 0.03125 0.06875
5 0.34765625 0.42265625 0.028125 0.0703125
5 0.68125 0.4234375 0.03125 0.06875
5 0.4046875 0.42265625 0.0265625 0.06640625
5 0.434375 0.4234375 0.028125 0.06875
5 0.65234375 0.425 0.028125 0.06640625
5 0.62421875 0.21953125 0.0265625 0.06640625
5 0.68203125 0.1484375 0.0265625 0.0703125
5 0.7109375 0.15 0.028125 0.06640625
5 0.76796875 0.221875 0.025 0.06875
5 0.825 0.42578125 0.0265625 0.06640625
5 0.85234375 0.42578125 0.028125 0.06640625
5 0.9375 0.42578125 0.0265625 0.0640625
2 0.96484375 0.4265625 0.028125 0.06640625
5 0.79609375 0.221875 0.028125 0.0703125