4 0.27265625 0.04453125 0.0390625 0.08671875
4 0.31171875 0.04375 0.03828125 0.0859375
4 0.34921875 0.04296875 0.03671875 0.0859375
4 0.38828125 0.04296875 0.0390625 0.08515625
4 0.42421875 0.04296875 0.03984375 0.08515625
4 0.28359375 0.19921875 0.03828125 0.0921875
4 0.32109375 0.1984375 0.0359375 0.0921875
4 0.359375 0.19609375 0.03828125 0.0890625
1 0.39921875 0.196875 0.03671875 0.0890625
2 0.43359375 0.1984375 0.03671875 0.09140625
2 0.28359375 0.2859375 0.03828125 0.0890625
5 0.43515625 0.28671875 0.03203125 0.084375
2 0.28515625 0.3921875 0.0359375 0.0890625
4 0.4 0.39140625 0.034375 0.09140625
2 0.28515625 0.4796875 0.03671875 0.0859375
2 0.3203125 0.6796875 0.0390625 0.09296875
2 0.359375 0.58671875 0.03984375 0.09375
2 0.359375 0.3921875 0.04140625 0.08984375
2 0.35625 0.878125 0.04140625 0.09375
2 0.3578125 0.784375 0.03828125 0.09375
2 0.3953125 0.78671875 0.0375 0.096875