2 0.8039643300660184 0.01803631190730253 0.030604742507129502 0.03607262381460506
5 0.33873420301652674 0.5167183519907365 0.0337297425071295 0.06553646879233561
5 0.36842170301652677 0.5151624960432711 0.03386644354388881 0.06709896879233561
2 0.4007419362873594 0.8666431088881413 0.0290422425071295 0.06529080732694617
5 0.2711829924606467 0.7313783955228728 0.031893840433610966 0.06232958163720568
5 0.3024329924606467 0.7297406524202777 0.03046804147037028 0.0638101944820761
5 0.3297083919422671 0.7275263772055072 0.03046804147037019 0.0638101944820761
5 0.20677944839837833 0.6680429138402385 0.03230394354388873 0.06701708163720568
5 0.2919884677194438 0.3143270143606368 0.0337297425071295 0.06553646879233561
5 0.3964100019797675 0.5121260272509356 0.03101484561740726 0.0700601944820761
5 0.666160825165046 0.07888864484550422 0.03257734561740726 0.07014208163720577
5 0.693504575165046 0.07745561963073355 0.03726484561740726 0.07038774310259503