3 0.2990595413169159 0.8172259255595099 0.08950211575678066 0.038450377997927984
3 0.5863041231551783 0.5304514017809735 0.08968412628012423 0.04157537799792799
3 0.5893150020661386 0.5686962644774207 0.08950211575678076 0.038450377997927984
3 0.5907633809770989 0.6070139017809735 0.08950211575678076 0.038450377997927984
3 0.4978856362387708 0.6129064909037721 0.08655912628012423 0.04142982878371626
3 0.5142511727881249 0.9207917655108779 0.08637711575678075 0.03830482878371626
3 0.7832954313159173 0.240830167911024 0.09133763154179633 0.04321065260503385
3 0.796832099477655 0.5135955798216828 0.08968412628012423 0.04157537799792799
3 0.8852960890248983 0.4319217406988843 0.08307010523343691 0.035034279569504535
3 0.88070032331047 0.35301549069888427 0.08361613680346806 0.04440927956950454
2 0.9042622517837898 0.8517077018237547 0.08637711575678075 0.03830482878371626
3 0.8160943938489298 0.8981161290358944 0.08674113680346807 0.04455482878371626