4 0.7440215190681329 0.9599774470480433 0.040589818181219074 0.08004510590391334
4 0.7049726558376082 0.9605359757121115 0.039000044642268604 0.07892804857577715
4 0.6674862926070831 0.9607084247095662 0.039000044642268604 0.07858315058086766
4 0.6284237926070833 0.9608672377068619 0.04053527110331832 0.07826552458627631
4 0.5924862926070833 0.9606536070377029 0.04209777110331832 0.07869278592459424
4 0.7303839387120492 0.8091173914305865 0.03910913879807012 0.09262385200509052
4 0.6928975754815244 0.8094622894254957 0.03754663879807012 0.09260567067154532
4 0.6546572357899499 0.8113605967536323 0.03905459172016954 0.08949885200509086
1 0.6147998490204747 0.8101157227482236 0.03905459172016936 0.08949885200509086
2 0.5803975754815245 0.8081532334102238 0.03908186525911965 0.09106135200509087
2 0.7288702573003054 0.7223986414305864 0.03905459172016936 0.0894988520050907
5 0.5772941205308302 0.7198538020766783 0.03272277110331849 0.08473862667090888
2 0.7254531566516823 0.6161304600970411 0.03749209172016936 0.08948067067154533
4 0.6106230434211575 0.6155753820814508 0.035956865259119654 0.09102498933799978
2 0.7239258384704632 0.528630460097041 0.039000044642268784 0.08637385200509069
2 0.6852785754848197 0.32822138009226853 0.04069891233702041 0.09420453333863606
2 0.6478388510523649 0.42073559675363237 0.04226141233702041 0.0942227146721816
2 0.6512344066516823 0.6152668467536324 0.04220686525911965 0.0910977146721816
2 0.6458773360381265 0.12936570942072326 0.04226141233702041 0.09422271467218155
2 0.645951248375147 0.2230975280871778 0.03913641233702041 0.09418635200509069
2 0.6084103380667214 0.22031742608208713 0.039190959414921164 0.0973113520050907