6 0.13238708738722188 0.3792640238186976 0.10763458130638907 0.19975634727034208
6 0.2636039858479512 0.20544084499244195 0.09640614057694456 0.1866193104386391
6 0.354058799583819 0.5426762635071155 0.09142769984750014 0.17384629465362345
6 0.43210845155992994 0.6754439899001794 0.08485039152687505 0.15941977360693613
6 0.49725871324343685 0.7925790110174539 0.07358558320625015 0.14472023677523324
6 0.4354542699485412 0.5316939899001794 0.08466855357097228 0.15160727360693613
6 0.5058758727220829 0.5229112531249461 0.06904355357097244 0.15069722099021768
6 0.5661412254956245 0.5147200505505799 0.062466245250347184 0.13627069994353036
6 0.4482537024129513 0.08327705414389797 0.07881859707395833 0.16655410828779593
6 0.5156042033628818 0.1049425031249461 0.06904355357097244 0.15069722099021768
6 0.5666030056995832 0.1261580794897751 0.053200348023888996 0.14041216837349918
6 0.3602029628621871 0.3792585056146077 0.09589699430041679 0.16474431043863902
6 0.441307492497465 0.3807762320076716 0.0740219943004167 0.16347023677523326
6 0.5122375883371524 0.38366674260160244 0.06889808320625015 0.14444722099021767
6 0.36698290577583315 0.222045245091264 0.0961879350298613 0.1772443104386391
6 0.4479419650463887 0.22981297148432783 0.06922539152687505 0.15850972099021768
6 0.5123129363610415 0.2463487531249461 0.06279355357097245 0.15033319994353028
6 0.1369330362847915 0.18395152381869767 0.11871755167111128 0.20664338410204502