6 0.17350601481086275 0.6050892124607575 0.11327900723608923 0.19915455223856354
6 0.30957074683218133 0.7648216593176826 0.10168640999505119 0.18608134215265543
6 0.39003401628120077 0.4166940185445084 0.09634381275401323 0.17333568068726599
6 0.4640779466297825 0.27493588647776124 0.08935682835784534 0.15894563206674706
6 0.5257004421072269 0.150280045229617 0.0776823439616777 0.14430992198083886
6 0.47161156490171974 0.4186858864777612 0.08894739258219672 0.15113313206674714
6 0.542169726367109 0.4196884644969224 0.07332239258219672 0.15031426051544958
6 0.6025716378324983 0.42122330902442695 0.06633540818602893 0.13592421189493056
6 0.4974978720015235 0.8677818057450665 0.08359815128862387 0.1679930834462283
6 0.5640745403643177 0.8376572144969223 0.07332239258219672 0.15031426051544977
6 0.6143677894598065 0.8107361883776406 0.05720606965141819 0.1401203889641522
6 0.4009349739922598 0.5798524378118136 0.10053998982323478 0.16420634215265545
6 0.4818574253717408 0.5693443057450666 0.07866498982323478 0.16305992198083885
6 0.552582683173657 0.5585871901866628 0.0729948439616777 0.14406426051544957
6 0.41228963308279987 0.7367199135015541 0.10119508706427283 0.17670634215265543
6 0.49288453584176184 0.719961781434807 0.07373182835784534 0.15812676051544958
6 0.5566637528250752 0.6962509644969224 0.06707239258219673 0.14998671189493057
6 0.18374190920208172 0.8004017124607575 0.12454405585660822 0.205977762324472