6 0.6125 0.85859375 0.19453125 0.103125
6 0.77890625 0.73125 0.18125 0.0921875
6 0.4359375 0.6328125 0.16796875 0.08671875
6 0.2984375 0.5515625 0.1546875 0.08125
6 0.17734375 0.48359375 0.14140625 0.0703125
6 0.4421875 0.5515625 0.14609375 0.08125
6 0.446875 0.48125 0.14609375 0.06484375
6 0.4515625 0.42109375 0.1328125 0.06015625
6 0.89140625 0.54921875 0.1640625 0.07578125
6 0.86484375 0.48125 0.14609375 0.06484375
6 0.840625 0.4296875 0.1375 0.04921875
6 0.59921875 0.63046875 0.159375 0.0921875
6 0.59296875 0.54921875 0.159375 0.0703125
6 0.5859375 0.478125 0.14140625 0.06484375
6 0.75625 0.62734375 0.17265625 0.0921875
6 0.74375 0.54609375 0.1546875 0.06484375
6 0.7234375 0.48125 0.14609375 0.06015625
6 0.8078125 0.85859375 0.19921875 0.1140625