3 0.51015625 0.04453125 0.03125 0.0296875
3 0.50859375 0.07265625 0.03125 0.025
3 0.575 0.10078125 0.03125 0.0265625
3 0.60859375 0.13125 0.03125 0.0265625
0 0.59453125 0.25078125 0.03125 0.028125
3 0.62578125 0.309375 0.028125 0.028125
3 0.22890625 0.28203125 0.0296875 0.028125
3 0.3640625 0.49609375 0.03125 0.028125
3 0.3953125 0.55 0.03125 0.0296875
3 0.03359375 0.5265625 0.0328125 0.028125
0 0.3265625 0.3140625 0.03125 0.0265625
0 0.26328125 0.25546875 0.0296875 0.025
3 0.46953125 0.4625 0.0328125 0.03125
3 0.60078125 0.68203125 0.03125 0.0265625
3 0.6328125 0.71171875 0.0328125 0.0265625
3 0.6328125 0.74453125 0.0328125 0.0265625
3 0.5640625 0.74296875 0.0328125 0.028125
3 0.6015625 0.71171875 0.03125 0.028125
3 0.36171875 0.74140625 0.034375 0.028125
3 0.3953125 0.7421875 0.03125 0.0296875
3 0.1515625 0.7671875 0.03125 0.0265625
3 0.325 0.965625 0.03125 0.0296875
3 0.66953125 0.90546875 0.0328125 0.0328125
0 0.73828125 0.93828125 0.0296875 0.0265625
3 0.8078125 0.9375 0.03125 0.0296875
3 0.73828125 0.96796875 0.0328125 0.0296875
3 0.01875 0.9578125 0.03125 0.028125