3 0.07126740614986399 0.5096380819939548 0.03132524310259503 0.03159544533736351
3 0.09931051899473424 0.5077483179901368 0.026637743102595035 0.031540901336727246
3 0.13091572308774868 0.5738273039863188 0.028200243102595036 0.03155908267027243
3 0.16314504692303836 0.6070665179821827 0.028200243102595036 0.03155908267027243
0 0.2819393125268706 0.5916131459659562 0.029762743102595034 0.031577264003817974
3 0.3421708056294656 0.6221813459580019 0.029598968792335523 0.02845226400381797
3 0.29402771822650864 0.22562451929504723 0.02968085594746528 0.030014764003817973
3 0.5151734571452321 0.35828992659932124 0.029762743102595125 0.031577264003817974
3 0.5707174502478273 0.3889126705920034 0.03132524310259512 0.03159544533736343
3 0.5283230738352896 0.027466640595185103 0.029844630257724703 0.033139764003818004
0 0.33117691542211813 0.3229080519573656 0.028200243102595036 0.03155908267027261
0 0.2692667356393632 0.26030860196531974 0.02655585594746528 0.029978401336727068
3 0.4871070901164904 0.46414957527054834 0.0329696302577247 0.03317612667090888
3 0.7135168611473895 0.5928450979074134 0.028200243102595123 0.03155908267027261
3 0.7448830478275494 0.6245309025700498 0.028282130257724702 0.03312158267027243
3 0.7776955478275495 0.6241490945655956 0.028282130257724702 0.03312158267027243
3 0.7725300130018404 0.5554172758991409 0.029844630257724703 0.033139764003817976
3 0.7432453047249545 0.5932809025700498 0.029762743102595125 0.031577264003817974
3 0.7603631264125376 0.3530917072326864 0.029926517412854636 0.03470226400381797
3 0.7629049502478272 0.38667636656591375 0.03132524310259512 0.03159544533736351
3 0.775130554047586 0.14263546522918663 0.028200243102595123 0.03155908267027252
3 0.9826575282669884 0.31376393586891516 0.03132524310259512 0.03159544533736351
3 0.9405573959730986 0.6589951672104147 0.034532130257724704 0.03319430800445424
0 0.9769729307988078 0.7273633592059604 0.02811835594746519 0.02999658267027261
3 0.9798356592020816 0.7969036998727331 0.03132524310259512 0.03159544533736351
3 0.9954784328349728 0.727017913868597 0.009043134330054414 0.03315794533736351
3 0.9587951458615571 0.011696737269275673 0.029762743102595125 0.023393474538551347