3 0.55107296961056 0.924078136184938 0.033152461443336986 0.03169009099298634
3 0.5508331377168721 0.8958530066352886 0.032852072794389287 0.027002590992986342
3 0.4826245558231843 0.8719835124953846 0.032952202344038464 0.02856509099298634
3 0.44707827960502255 0.843667547812845 0.032952202344038464 0.02856509099298634
0 0.4534808690568495 0.7232351318660012 0.033052331893687815 0.03012759099298634
3 0.418476010945 0.6666439728589876 0.029927331893687636 0.029927331893687813
3 0.817103278063863 0.66855481724806 0.031489831893687634 0.030027461443337167
3 0.668229279761906 0.4631535232927263 0.033052331893687635 0.03012759099298634
3 0.6335248102990045 0.4112498642857128 0.03315246144333717 0.03169009099298634
3 0.9897190437984502 0.4115073735418949 0.02056191240309957 0.030227720542635693
0 0.717394372296052 0.6427816641011426 0.032952202344038464 0.02856509099298634
0 0.7844304804079015 0.6973201673403451 0.03128957279438911 0.026902461443337168
3 0.5649133150793665 0.5035060178940555 0.03481509099298634 0.033352720542635696
3 0.41959511335363686 0.29238565006459843 0.032952202344038464 0.02856509099298643
3 0.3856614019102998 0.2647508058324095 0.03451470234403846 0.028665220542635695
3 0.383558681367664 0.2319383058324095 0.03451470234403846 0.028665220542635695
3 0.45240881091731333 0.22909510564783941 0.034614831893687636 0.030227720542635693
3 0.4169114019102997 0.2627482148394231 0.033052331893687635 0.030127590992986432
3 0.6548526904669627 0.21769082896825234 0.03617733189368764 0.030327850092285048
3 0.621208875692138 0.2190623642857127 0.033152461443336986 0.03169009099298634
3 0.863356802897749 0.17844215454041862 0.032952202344038284 0.02856509099298643
3 0.6772028500922851 0.0034820400239932436 0.033152461443336986 0.006964080047986487
3 0.33652658775378397 0.07335385024916859 0.0349152205426357 0.03491522054263574
0 0.26567386721114816 0.044947050433738714 0.03138970234403846 0.0284649614433371
3 0.19619268198597287 0.05018406539313349 0.033152461443337077 0.03169009099298643
3 0.2637714057678111 0.01557733035252829 0.03471496144333717 0.03115466070505658