2 0.512223429898959 0.7179167881527422 0.13263196846486114 0.06166597727182861
2 0.5169512167524314 0.9210417881527423 0.1295797036472223 0.06473643019392768
2 0.38404779777447995 0.919453788963521 0.12173083605604171 0.0630375624991764
2 0.377922471502084 0.7906020860414218 0.1295797036472223 0.06473643019392802
2 0.37316092989895894 0.7203441331193224 0.1295797036472223 0.06473643019392786
2 0.5122039396826047 0.6499207646137919 0.12961607123840296 0.06629893019392803
2 0.5030958177230211 0.3593366749222174 0.13277743882958326 0.0679159772718286
2 0.5022587099154864 0.2897917881527422 0.12961607123840277 0.06629893019392785
2 0.4974608007211808 0.21797133523064288 0.12961607123840296 0.06629893019392785
2 0.49900381050482656 0.1499480381527422 0.12950696846486115 0.061611430193927855
1 0.3656620208015625 0.029762704952341852 0.12169446846486114 0.059525409904683704