2 0.5096427521477066 0.24747927182386867 0.13436171189493074 0.06625352103089917
2 0.49899742198083885 0.04435427182386866 0.13140048620519007 0.06921474672063965
2 0.36638963986866324 0.05522093000989757 0.12342421189493055 0.0656803109449909
2 0.37002033016686775 0.18429095432015705 0.13140048620519007 0.06921474672063965
2 0.3705802521477066 0.25476722863041656 0.13140048620519007 0.06921474672063965
2 0.5147673433958507 0.3153661346687389 0.13148237336031982 0.07077724672063965
2 0.5276546042499846 0.6061139654014335 0.13468926051544958 0.07250352103089916
2 0.5320798326532585 0.6756042718238686 0.13148237336031982 0.07077724672063965
2 0.5327216417892272 0.7476430461341281 0.13148237336031982 0.07077724672063965
2 0.5394087330373714 0.8154480218238687 0.13123671189493055 0.06608974672063965
1 0.4154090682926218 0.9457230992772029 0.12342421189493055 0.06568031094499105