4 0.61328125 0.1940725031648609 0.0578125 0.0973313569862417
4 0.55234375 0.19194451877395752 0.059375 0.0989484206885725
4 0.61484375 0.29725206686719174 0.0625 0.10687004809323426
4 0.72890625 0.20279771713734424 0.059375 0.09894842068857254
2 0.61484375 0.4003770668671917 0.059375 0.10207342068857254
2 0.6609375 0.612142946085952 0.059375 0.10207342068857254
4 0.7296875 0.8254812489885097 0.065625 0.1054166754978958
4 0.66328125 0.8208185416394482 0.071875 0.10563493030721957
4 0.73046875 0.7200397808396751 0.0640625 0.10848711179556503
4 0.66171875 0.7176389779371174 0.065625 0.10229167549789597
4 0.72890625 0.30514146713734425 0.065625 0.10541667549789598
2 0.553125 0.2927530506251229 0.0609375 0.10212798439090331