4 0.62434556523625 0.19050091184940238 0.06392040252860856 0.09699467194503919
4 0.56340806523625 0.18872781169111777 0.06558303207825791 0.09860263605166186
4 0.6325166155131052 0.29367137595602505 0.0692086798265045 0.10650606426490725
4 0.7402709538851979 0.19855275573948075 0.06558303207825791 0.0986026360516619
2 0.6391251657899604 0.396796375956025 0.06578329117755662 0.10172763605166182
2 0.6986863402177941 0.6082938171013941 0.06578329117755644 0.10172763605166182
4 0.7809538294204523 0.821231737792792 0.07223355027685514 0.10503449247815269
4 0.7143973850959784 0.8169557632613282 0.07848355027685514 0.1052163489046432
4 0.7749763348191232 0.7157857198461034 0.07087130937615385 0.10811402837152997
4 0.7062263348191232 0.7137852991547055 0.07203329117755644 0.10190949247815269
4 0.7468294393872285 0.30089650573948074 0.07223355027685514 0.1050344924781526
2 0.5706476711886312 0.28953179374442917 0.06734579117755661 0.10177310015828453