3 0.2546875 0.446875 0.03984375 0.0984375
5 0.1015625 0.446875 0.03984375 0.0984375
5 0.29453125 0.4484375 0.03828125 0.09609375
5 0.2984375 0.253125 0.03984375 0.08671875
5 0.56875 0.25625 0.03828125 0.09296875
5 0.4546875 0.671875 0.0421875 0.09609375
5 0.29765625 0.665625 0.04375 0.09296875
5 0.29609375 0.66484375 0.0453125 0.09609375
5 0.24921875 0.56484375 0.0453125 0.09453125
5 0.07265625 0.65625 0.03671875 0.08828125
5 0.1125 0.77109375 0.03671875 0.08984375
5 0.3 0.78125 0.04375 0.09453125
5 0.53515625 0.7890625 0.0421875 0.09140625
5 0.93203125 0.46171875 0.03828125 0.09453125
5 0.26171875 0.1359375 0.03359375 0.08828125