3 0.2234389559127438 0.45873726095825473 0.04750842055068931 0.10032963978475226
5 0.07031395591274378 0.45160534946188075 0.04750842055068931 0.10032963978475226
5 0.26317344526908204 0.46215551343945405 0.044274159907027585 0.09862159057054072
5 0.2807372757267989 0.26702494995721876 0.04674359604505716 0.08939213978475227
5 0.5508312544394756 0.2827399569865321 0.04405563861970414 0.09549659057054054
5 0.40770542322545394 0.6930524106678045 0.04896165990702759 0.09883991439185813
5 0.2511112158001009 0.6794885626536658 0.05030563861970414 0.09578768899896417
5 0.24960334612193175 0.6786345380465599 0.052086659907027585 0.09898546360606986
5 0.20972102731628278 0.5764512998333842 0.05186813861970405 0.09586046360606985
5 0.026766779662071295 0.6596340192304224 0.043618596045057155 0.08924659057054055
5 0.05857987235293376 0.7763335217116217 0.04372785668871888 0.09080909057054054
5 0.2453696781691325 0.7952227245643246 0.05030563861970414 0.09578768899896399
5 0.47997962495082386 0.8139878029337562 0.04852461733238052 0.09258991439185812
5 0.8997447297979573 0.505128803138644 0.04405563861970414 0.09549659057054072
5 0.25221307400142906 0.1481272466902311 0.04049359604505716 0.08910104135632886