3 0.2514695128858153 0.5427472796203141 0.04119769262201593 0.10009284190105419
5 0.09834451288581533 0.5489866452473645 0.04119769262201591 0.10009284190105419
5 0.2913223532448949 0.5395612712173572 0.03806360226293624 0.09840300790866544
5 0.29409230835994277 0.7347146037268713 0.04113406010845857 0.08915534190105419
5 0.564422989078102 0.7205752133852414 0.03804542154477701 0.09527800790866543
5 0.4527785245932803 0.30959790410743204 0.042751102262936234 0.09859400889724856
5 0.29571091315696185 0.3222464372249684 0.04429542154477702 0.09553267589344294
5 0.294143867977422 0.32309135422116275 0.04587610226293624 0.09872134288963733
5 0.24668708499632644 0.4250013641069946 0.04585792154477701 0.09559634288963732
5 0.07065637100248409 0.3407894846769608 0.038009060108458594 0.08902800790866543
5 0.11116826239483599 0.2243222262740038 0.038027240826617834 0.09215300790866543
5 0.2987273497288535 0.20652593673067682 0.04429542154477702 0.09553267589344294
5 0.5339290515242516 0.18913155380342092 0.04271474082661779 0.09234400889724856
5 0.9288996212970717 0.5003038867700454 0.03804542154477701 0.09527800790866543
5 0.2566917814289714 0.8533982781374394 0.03488406010845857 0.08890067391627668