5 0.07265625 0.52890625 0.0375 0.0703125
5 0.0296875 0.265625 0.0390625 0.06953125
5 0.23515625 0.26796875 0.03984375 0.07421875
5 0.3171875 0.26796875 0.03984375 0.07578125
5 0.44296875 0.26640625 0.03671875 0.071875
5 0.7734375 0.26953125 0.0359375 0.07109375
5 0.69296875 0.26796875 0.03984375 0.06640625
5 0.89765625 0.27109375 0.0359375 0.07421875
2 0.18984375 0.528125 0.04140625 0.07109375
5 0.23359375 0.52734375 0.0375 0.06875
2 0.3140625 0.52890625 0.04140625 0.07421875
5 0.35703125 0.52734375 0.03515625 0.06953125
5 0.8953125 0.52734375 0.0375 0.06953125
5 0.1921875 0.78984375 0.0390625 0.071875
5 0.2328125 0.78984375 0.03984375 0.06640625
5 0.028125 0.790625 0.0375 0.0734375
2 0.27421875 0.790625 0.0390625 0.07109375
2 0.315625 0.79140625 0.0390625 0.071875
2 0.396875 0.528125 0.03671875 0.07109375