5 0.650554189939751 0.657380193613578 0.0419341298696164 0.07665534190105419
5 0.440466123787127 0.6620371546017236 0.042015950486467446 0.08134284190105419
5 0.39905987378712693 0.663724330000875 0.03886367694751698 0.07965300790866543
5 0.2967161237871269 0.6678945182516076 0.04193412986961631 0.07665534190105419
2 0.5670149870176517 0.6576613779099779 0.0419341298696164 0.07665534190105419
2 0.6091752134787014 0.6575048690127294 0.038836403408566686 0.07809050790866542
2 0.7418373035740178 0.3476285088228865 0.0403716298696164 0.07659167490485981
2 0.33812237378712695 0.6662073428524563 0.042015950486467356 0.08134284190105419
5 0.5324350300350674 0.35772238631293496 0.04198867694751698 0.07978034190105418
5 0.8246225300350674 0.3458166580245837 0.038809129869616044 0.07652800790866543
5 0.7832162800350673 0.34750383342373514 0.04198867694751698 0.07978034190105418
5 0.13566912419086874 0.36764380334631036 0.03878185633066598 0.07496550790866544
5 0.9666596201303836 0.03691114990595359 0.038809129869616044 0.07382229981190717