2 0.46953125 0.84140625 0.03984375 0.07265625
2 0.51171875 0.84296875 0.04296875 0.07578125
5 0.55234375 0.8421875 0.04296875 0.075
5 0.6375 0.58046875 0.03671875 0.06875
5 0.725 0.31953125 0.034375 0.07109375
2 0.5578125 0.31640625 0.04140625 0.06875
5 0.60078125 0.3171875 0.03984375 0.06875
2 0.8921875 0.3203125 0.0375 0.071875
2 0.5171875 0.3140625 0.04375 0.071875
2 0.97421875 0.58046875 0.03671875 0.0734375
2 0.76328125 0.58046875 0.03984375 0.06875
2 0.9359375 0.05703125 0.03984375 0.06953125
5 0.5578125 0.05078125 0.04140625 0.071875