5 0.5314434621583848 0.0911260632389947 0.07162202885594056 0.0399553666048885
5 0.26666171034428626 0.038963329396245486 0.07011409255827142 0.041463302902557654
5 0.2761805872007938 0.24451392494974175 0.07641865626060226 0.04324405771188111
5 0.2790451815731637 0.3265451749497418 0.07641865626060226 0.04324405771188111
5 0.2818750596107976 0.4522718612474109 0.07318452885594055 0.0400099303072194
5 0.29654028265377363 0.7828497386520726 0.07312996515360962 0.0384474303072194
5 0.29216775198373457 0.7023264249497417 0.06704365626060227 0.042916675497895976
5 0.30244059698907666 0.9071230523544035 0.0762549651536097 0.038556557711881115
2 0.534754489833199 0.2082862813878293 0.0732936562606021 0.0431349303072194
5 0.535501023498463 0.25200899953666384 0.07005952885594055 0.03990080290255769
2 0.539873554168502 0.3325323132389947 0.0764186562606021 0.04324405771188111
5 0.5398115559826006 0.37544649953666387 0.06995040145127884 0.036775802902557685
5 0.5586087514355804 0.9137277495366639 0.07005952885594055 0.039900802902557334
5 0.7965550853866953 0.21976945152824764 0.07323909255827132 0.041572430307219396
5 0.7979737416472975 0.26039445152824764 0.06704365626060209 0.042916675497895976
5 0.7916071466419554 0.05573423337941306 0.07474702885594056 0.040064494009550214
2 0.8002009297590652 0.301827983379413 0.07323909255827132 0.041572430307219396
2 0.8024281178708328 0.3432615152305785 0.07323909255827132 0.041572430307219396
2 0.5419841803920373 0.41531753138782923 0.07318452885594055 0.0400099303072194