5 0.3333126255080264 0.3595706500196705 0.07712906603337358 0.04586951089576328
5 0.34823269787297806 0.5700000516288248 0.08181656603337358 0.04619729282674854
5 0.35040270748391644 0.6114063016288248 0.08009029172311406 0.042963032183086725
5 0.3557663161449152 0.7137500516288248 0.07712906603337358 0.04586951089576328
2 0.34081858830746814 0.44338292130699397 0.07712906603337348 0.04586951089576328
2 0.33704513511896483 0.40108616066333214 0.07852779172311397 0.04285377153942491
2 0.6350588319758901 0.2950482361773705 0.07704717887824372 0.04430701089576328
2 0.3535963065339768 0.6723438016288249 0.08181656603337348 0.04619729282674854
5 0.6444692107632768 0.5043139755337088 0.08025406603337366 0.04608803218308673
5 0.6291563127540132 0.2121264755337088 0.07696529172311414 0.042744510895763276
5 0.6313263223649516 0.2535327255337088 0.08025406603337366 0.04608803218308673
5 0.6715185481662338 0.9016260181083557 0.07540279172311415 0.042635250252101645
5 0.92667868668016 0.09671355104774712 0.07696529172311414 0.042744510895763276