5 0.3375 0.315625 0.040625 0.07578125
5 0.54765625 0.31953125 0.03984375 0.0796875
5 0.5890625 0.31953125 0.03828125 0.078125
5 0.69140625 0.31953125 0.040625 0.07578125
2 0.42109375 0.31875 0.03984375 0.07421875
2 0.37890625 0.3171875 0.03828125 0.0765625
2 0.2515625 0.621875 0.0390625 0.07421875
2 0.65 0.31953125 0.040625 0.0796875
5 0.4609375 0.6203125 0.03984375 0.07734375
5 0.16875 0.6203125 0.03828125 0.075
5 0.21015625 0.6203125 0.040625 0.07734375
5 0.8578125 0.6265625 0.03671875 0.0734375
5 0.03203125 0.925 0.03828125 0.07421875