5 0.07881063140513306 0.5272151570101041 0.03831816000954502 0.07118532218833344
5 0.03277832670272561 0.2649340157675694 0.03986247867599957 0.06965918977951394
5 0.2382743487030438 0.2624954275273262 0.04149770401018138 0.07594555737069442
5 0.32030559870304376 0.26058612899034694 0.04149770401018138 0.0759455573706945
5 0.44606866736949835 0.25609603790031216 0.038336341343090476 0.07274782218833335
5 0.7765737800365893 0.2515292923656244 0.036773841343090474 0.07271145459715278
5 0.6960868487030438 0.251839723311423 0.04138861600890866 0.0665705573706945
5 0.9008107113701346 0.2502005688667701 0.03681020401018138 0.07583645459715278
2 0.19598904073836035 0.5237063376715623 0.04146134134309047 0.07282055737069441
5 0.23972995007158762 0.5219067951185068 0.03829997867599957 0.06962282218833345
2 0.32021688140513305 0.521596364172708 0.04149770401018138 0.07594555737069442
5 0.3631674500715876 0.5190337554152428 0.03517497867599957 0.06955008700597229
5 0.9014487000715876 0.5065051202535409 0.03829997867599957 0.06962282218833345
5 0.20137816410722237 0.7853705362847915 0.03989884134309048 0.0727841897795141
5 0.24200316410722236 0.7844249789140971 0.04138861600890866 0.06657055737069442
5 0.037324754773995064 0.78997038335875 0.0383545226766359 0.07431032218833344
2 0.28341850477399505 0.7842424877478122 0.03989884134309048 0.07278418977951392
2 0.3248338454407678 0.7840599965815275 0.03989884134309048 0.07278418977951392
2 0.4030202907383603 0.5188876318401385 0.038336341343090476 0.07274782218833345