2 0.5286233446451374 0.14933438352635958 0.04146134134309047 0.07258411201270887
2 0.4864540259786828 0.14850826907801876 0.04462270401018138 0.07576365909060953
5 0.44581993531191005 0.14999863109072759 0.04462270401018138 0.07576365909060953
5 0.3576183119430481 0.4132037889635211 0.03829997867599957 0.0694045649348082
5 0.2670820292409588 0.6756686071447401 0.03521134134309047 0.07247501785690744
2 0.4342331665738679 0.6758753384770537 0.04142497867599957 0.06945911201270896
5 0.3912735072406407 0.6758441107981881 0.04142497867599957 0.06945911201270896
2 0.09990361990773151 0.6778056258124265 0.038336341343090476 0.0725295649348082
2 0.47483089457354977 0.677509976464345 0.044586341343090474 0.07263865909060954
2 0.020899561943048074 0.41908123660731944 0.0383545226766359 0.07409206493480802
2 0.2318370619430481 0.41539930884902354 0.04142497867599957 0.06945911201270896
2 0.053090065205324076 0.9418505349030362 0.04142497867599957 0.0694591120127086
5 0.43114233987114225 0.9415003384770537 0.04146134134309047 0.07258411201270895