2 0.4814624165897093 0.8197913047920041 0.04481124203690499 0.07353034190105419
2 0.43918391132803747 0.8230728136892527 0.04811825256024882 0.07678267589344294
5 0.39860441395887336 0.8239469055903068 0.04811825256024873 0.07678267589344294
5 0.32869154528890804 0.5656980068829012 0.04150423151356133 0.07027800790866542
5 0.2563894239881069 0.3083258586697871 0.03856124203690507 0.07327567391627658
2 0.4237589345114506 0.2983884900769872 0.04462923151356133 0.07040534190105419
5 0.3807446818806146 0.300920582472333 0.04462923151356133 0.07040534190105419
2 0.08915642135727095 0.315919477262587 0.041686242036905054 0.07340300790866543
2 0.46452044240395834 0.294389398175933 0.04793624203690498 0.07365767589344294
2 0.006430709469098263 0.5794182445627925 0.012861418938196525 0.07496550790866544
2 0.20291029528890805 0.5708232000765496 0.04462923151356133 0.07040534190105419
2 0.060740807948977515 0.054420903156029946 0.04462923151356137 0.07040534190105419
5 0.43922982899566493 0.034764330513757144 0.04481124203690499 0.06952866102751429